1 0.225582
2 0.475112
3 0.727770
4 0.550950
5 0.720668
6 0.561496
7 0.716419
8 0.567674
9 0.713564
10 0.571768
11 0.711524
12 0.574665
13 0.710009
14 0.576800
15 0.708855
16 0.578419
17 0.707959
18 0.579671
19 0.707253
20 0.580653
21 0.706692
22 0.581432
23 0.706242
24 0.582055
25 0.705879
26 0.582557
27 0.705584
28 0.582964
29 0.705344
30 0.583295
31 0.705149
32 0.583565
33 0.704988
34 0.583786
35 0.704856
36 0.583968
37 0.704748
38 0.584117
39 0.704659
40 0.584239
41 0.704585
42 0.584341
43 0.704525
44 0.584424
45 0.704474
46 0.584493
47 0.704433
48 0.584550
49 0.704399
50 0.584597
