1 0.302837
2 0.797938
3 0.581152
4 0.948323
5 0.158403
6 0.467805
7 0.974991
8 0.076916
9 0.234509
10 0.658433
11 0.861094
12 0.414213
13 0.944624
14 0.169631
15 0.497883
16 0.979978
17 0.061601
18 0.188474
19 0.546950
20 0.969359
21 0.094191
22 0.285777
23 0.766316
24 0.656550
25 0.863847
26 0.406517
27 0.938040
28 0.189558
29 0.549716
30 0.968071
31 0.098138
32 0.297378
33 0.788066
34 0.605343
35 0.926821
36 0.223323
37 0.632523
38 0.896286
39 0.313690
40 0.816870
41 0.533221
42 0.974668
43 0.077910
44 0.237479
45 0.665178
46 0.850988
47 0.442199
48 0.963887
49 0.110945
50 0.334699
51 0.850800
52 0.442716
53 0.964173
54 0.110070
55 0.332165
56 0.846901
57 0.453390
58 0.969512
59 0.093721
60 0.284394
