Initial Seed Value:565499710
2 0.498090
4 0.373780
6 0.313240
8 0.274300
10 0.247560
12 0.226890
14 0.211760
16 0.199800
18 0.183990
20 0.177080
22 0.169220
24 0.159970
26 0.154350
28 0.148700
30 0.144460
32 0.139580
34 0.135910
36 0.135120
38 0.129580
40 0.124800
42 0.121800
44 0.118320
46 0.116260
48 0.113040
50 0.112450
52 0.108720
54 0.108520
56 0.107290
58 0.105640
60 0.102860
62 0.102350
64 0.100220
66 0.098260
68 0.096520
70 0.093380
72 0.093720
74 0.092610
76 0.091480
78 0.090210
80 0.089420
82 0.086970
84 0.086200
86 0.086220
88 0.085820
90 0.084650
92 0.082730
94 0.082190
96 0.081110
98 0.080500
100 0.081020
102 0.078530
104 0.076730
106 0.077580
108 0.076220
110 0.075190
112 0.074280
114 0.074680
116 0.073840
118 0.072870
120 0.073130
122 0.071760
124 0.071000
126 0.070600
128 0.070280
130 0.069490
132 0.068540
134 0.068340
136 0.068150
138 0.068390
140 0.067770
142 0.066170
144 0.066390
146 0.065570
148 0.065180
150 0.065060
152 0.064850
154 0.063720
156 0.063300
158 0.063600
160 0.062310
162 0.061890
164 0.061590
166 0.061870
168 0.060750
170 0.061060
172 0.059730
174 0.060390
176 0.059880
178 0.059600
180 0.059990
182 0.058640
184 0.058520
186 0.057360
188 0.057100
190 0.057210
192 0.056660
194 0.056900
196 0.056370
198 0.056150
200 0.056470
202 0.056240
204 0.055980
206 0.055010
208 0.055150
210 0.054220
212 0.054510
214 0.054810
216 0.053820
218 0.054220
220 0.053560
222 0.053660
224 0.054460
226 0.054490
228 0.053980
230 0.054950
232 0.053870
234 0.052930
236 0.052470
238 0.051820
240 0.052180
242 0.052060
244 0.051630
246 0.050190
248 0.050700
250 0.050950
252 0.049720
254 0.050200
256 0.049910
258 0.050250
260 0.051050
262 0.050140
264 0.049340
266 0.049410
268 0.049170
270 0.049740
272 0.048450
274 0.048150
276 0.047690
278 0.047760
280 0.046430
282 0.047090
284 0.046670
286 0.046590
288 0.047550
290 0.047310
292 0.045510
294 0.046260
296 0.046180
298 0.046870
300 0.047010
302 0.046570
304 0.046850
306 0.045900
308 0.045000
310 0.045480
312 0.045300
314 0.044730
316 0.044850
318 0.045610
320 0.045300
322 0.044900
324 0.044490
326 0.044900
328 0.044460
330 0.045010
332 0.044810
334 0.043530
336 0.044380
338 0.043720
340 0.043260
342 0.043690
344 0.043270
346 0.043130
348 0.042640
350 0.042040
352 0.041930
354 0.042270
356 0.042560
358 0.042930
360 0.042670
362 0.041590
364 0.041890
366 0.042370
368 0.040760
370 0.041620
372 0.042030
374 0.041160
376 0.041450
378 0.041140
380 0.041830
382 0.041120
384 0.041030
386 0.040550
388 0.040180
390 0.040050
392 0.040560
394 0.039730
396 0.039110
398 0.038940
400 0.039330
402 0.039760
404 0.039820
406 0.041050
408 0.039490
410 0.038810
412 0.039640
414 0.039580
416 0.040090
418 0.039620
420 0.039840
422 0.039210
424 0.038960
426 0.037460
428 0.037940
430 0.038440
432 0.038190
434 0.038640
436 0.037870
438 0.038940
440 0.038660
442 0.037880
444 0.037590
446 0.037950
448 0.038080
450 0.037870
452 0.036870
454 0.036980
456 0.037170
458 0.036700
460 0.036280
462 0.036930
464 0.037070
466 0.036290
468 0.036140
470 0.036370
472 0.036010
474 0.036090
476 0.037020
478 0.036000
480 0.036090
482 0.036160
484 0.035690
486 0.035330
488 0.035480
490 0.035540
492 0.035490
494 0.034860
496 0.035660
498 0.035240
500 0.034990
502 0.034990
504 0.035260
506 0.035180
508 0.034660
510 0.034870
512 0.035210
514 0.035360
516 0.034780
518 0.034860
520 0.035240
522 0.035230
524 0.035060
526 0.034490
528 0.034070
530 0.034070
532 0.033910
534 0.034110
536 0.034320
538 0.034060
540 0.034290
542 0.034290
544 0.033070
546 0.034160
548 0.033730
550 0.033090
552 0.032910
554 0.032970
556 0.032660
558 0.032630
560 0.032840
562 0.032690
564 0.032540
566 0.032190
568 0.033160
570 0.033040
572 0.033250
574 0.033160
576 0.032940
578 0.032880
580 0.032560
582 0.033260
584 0.032610
586 0.032930
588 0.033180
590 0.033470
592 0.032740
594 0.032860
596 0.031990
598 0.032930
600 0.032580
602 0.032290
604 0.031740
606 0.032050
608 0.032150
610 0.031710
612 0.032650
614 0.032840
616 0.032490
618 0.031820
620 0.032540
622 0.031880
624 0.031970
626 0.030830
628 0.031410
630 0.031440
632 0.031580
634 0.031700
636 0.031280
638 0.031530
640 0.031340
642 0.030830
644 0.031780
646 0.031930
648 0.032380
650 0.031730
652 0.031900
654 0.031670
656 0.031190
658 0.031040
660 0.030880
662 0.031150
664 0.030850
666 0.030960
668 0.030780
670 0.030830
672 0.030860
674 0.030530
676 0.030160
678 0.029660
680 0.030070
682 0.029750
684 0.030450
686 0.030460
688 0.030420
690 0.029970
692 0.029440
694 0.030060
696 0.030130
698 0.030330
700 0.029340
702 0.029700
704 0.030120
706 0.029880
708 0.029440
710 0.029710
712 0.030000
714 0.028980
716 0.030050
718 0.029730
720 0.029720
722 0.029760
724 0.029920
726 0.029060
728 0.029020
730 0.029950
732 0.029860
734 0.029670
736 0.030090
738 0.029480
740 0.029090
742 0.029950
744 0.029930
746 0.029330
748 0.029250
750 0.028570
752 0.029080
754 0.029230
756 0.028760
758 0.028610
760 0.028970
762 0.029160
764 0.028840
766 0.028740
768 0.028800
770 0.029410
772 0.029130
774 0.030080
776 0.029500
778 0.028880
780 0.029390
782 0.028570
784 0.028800
786 0.028940
788 0.028660
790 0.028400
792 0.027930
794 0.028040
796 0.028100
798 0.028380
800 0.027920
