Initial Seed Value:614663230
2 0.251850
4 0.142350
6 0.100060
8 0.075950
10 0.061830
12 0.050020
14 0.043240
16 0.038660
18 0.034920
20 0.031310
22 0.026990
24 0.025940
26 0.024420
28 0.022540
30 0.020520
32 0.019670
34 0.018680
36 0.017780
38 0.016740
40 0.015290
42 0.015230
44 0.014710
46 0.013630
48 0.013090
50 0.012510
52 0.012060
54 0.011930
56 0.011050
58 0.011060
60 0.010450
62 0.010290
64 0.010100
66 0.009310
68 0.008990
70 0.009060
72 0.008940
74 0.008780
76 0.008470
78 0.008390
80 0.008290
82 0.008160
84 0.007650
86 0.007260
88 0.007220
90 0.007530
92 0.007010
94 0.006810
96 0.006150
98 0.006520
100 0.006090
102 0.005780
104 0.005770
106 0.005290
108 0.005450
110 0.005470
112 0.005010
114 0.005260
116 0.005300
118 0.004970
120 0.005200
122 0.004930
124 0.004730
126 0.005210
128 0.004740
130 0.005010
132 0.004890
134 0.004840
136 0.004640
138 0.004480
140 0.004640
142 0.004340
144 0.004440
146 0.004480
148 0.003950
150 0.004080
152 0.003950
154 0.004100
156 0.003850
158 0.004130
160 0.004070
162 0.003820
164 0.003810
166 0.003960
168 0.003830
170 0.003750
172 0.003620
174 0.003940
176 0.003550
178 0.003460
180 0.003720
182 0.003690
184 0.003510
186 0.003490
188 0.003400
190 0.003580
192 0.003510
194 0.003270
196 0.003250
198 0.003140
200 0.003140
