Initial Seed Value:685335790
2 0.124710
4 0.051430
6 0.029210
8 0.021290
10 0.015320
12 0.011680
14 0.009050
16 0.007770
18 0.006720
20 0.004960
22 0.004940
24 0.004210
26 0.003740
28 0.003410
30 0.003100
32 0.002940
34 0.002500
36 0.002270
38 0.002020
40 0.001720
42 0.001770
44 0.001610
46 0.001820
48 0.001500
50 0.001430
52 0.001150
54 0.001200
56 0.001310
58 0.001140
60 0.001170
62 0.001160
64 0.000870
66 0.000860
68 0.000940
70 0.000970
72 0.000970
74 0.000730
76 0.000750
78 0.000860
80 0.000890
82 0.000690
84 0.000530
86 0.000640
88 0.000570
90 0.000600
92 0.000610
94 0.000710
96 0.000560
98 0.000540
100 0.000470
