0.486699
0.956444
0.954486
0.044243
0.594363
0.456688
0.554044
0.813433
0.362800
0.587566
0.225358
0.591180
0.967876
0.090936
0.353237
0.848428
0.533343
0.898746
0.219562
0.186646
0.959512
0.510967
0.827459
0.100509
0.253488
0.377350
0.116940
0.418675
0.670201
0.074181
0.757442
0.325913
0.621506
0.654539
0.836552
0.925356
0.461848
0.277400
0.257748
0.978407
0.090099
0.296209
0.380229
0.502490
0.351647
0.124007
0.183531
0.606838
0.125488
0.080675
0.908488
0.953586
0.917898
0.118169
0.070663
0.639420
0.730229
0.966058
0.528979
0.553613
0.576467
0.685482
0.902186
0.034870
0.054418
0.597870
0.404768
0.938196
0.254915
0.359396
0.362712
0.094475
0.840749
0.474628
0.071658
0.355684
0.976547
0.817681
0.759253
0.768329
0.312954
0.810809
0.262298
0.435132
0.263929
0.850160
0.639704
0.511304
0.480070
0.531071
0.708654
0.352432
0.319696
0.128919
0.738352
0.473668
0.945150
0.139392
0.763977
0.168098
0.219712
0.701329
0.234682
0.301436
0.242697
0.008795
0.810688
0.235941
0.460253
0.467538
0.909903
0.743197
0.912535
0.970307
0.951768
0.359033
0.275972
0.262805
0.958361
0.176728
0.270243
0.979374
0.343535
0.792348
0.999913
0.539913
0.310244
0.271091
0.231388
0.944188
0.974199
0.356399
0.998421
0.462527
0.693333
0.852423
0.681627
0.105029
0.227060
0.197366
0.131931
0.370907
0.826380
0.976195
0.912169
0.816605
0.682782
0.517509
0.767544
0.104907
0.167254
0.029980
0.878394
0.159986
0.882700
0.545864
0.333716
0.769502
0.020323
0.563612
0.622773
0.948775
0.059741
0.065355
0.417589
0.425502
0.418604
0.475631
0.935425
0.694694
0.721677
0.226991
0.038093
0.228600
0.088162
0.734239
0.361921
0.801653
0.379873
0.525461
0.416690
0.317025
0.243181
0.136557
0.119053
0.919094
0.208757
0.571263
0.214497
0.047582
0.709650
0.080733
0.871131
0.101527
0.372528
0.084396
0.440865
0.619338
0.218024
0.326232
0.986897
0.779814
0.331999
0.899247
0.639758
0.404465
0.835528
0.721650
0.779010
0.815100
0.379958
0.954610
0.137570
0.138095
0.967821
0.163479
0.599191
0.595327
0.658110
0.850043
0.680146
0.211446
0.775104
0.169690
0.980518
0.570318
0.335733
0.659974
0.183555
0.001076
0.078490
0.187570
0.491583
0.037636
0.548991
0.896622
0.523046
0.837271
0.015477
0.116207
0.089889
0.770993
0.077391
0.708424
0.490025
0.842794
0.835152
0.394446
0.448799
0.959187
0.056755
0.879826
0.240261
0.059251
0.824063
0.022070
0.931546
0.491286
0.050360
0.408875
0.961106
0.312979
0.242903
0.463581
0.404970
0.337712
0.929338
0.376382
0.844565
0.601088
0.485637
0.103439
0.502130
0.297598
0.725678
0.464574
0.090539
0.692824
0.296887
0.780838
0.546176
0.579646
0.101979
0.956131
0.701889
0.641571
0.882820
0.548499
0.617560
0.326161
0.792030
0.642622
0.556248
0.866306
0.000087
0.467569
0.439881
0.087597
0.238138
0.381291
0.350783
0.618254
0.996248
0.944837
0.873075
0.775563
0.880425
0.297842
0.823878
0.911957
0.261453
0.247905
0.533086
0.569167
0.989011
0.299986
0.871931
0.544162
0.729745
0.830641
0.576658
0.888455
0.268134
0.535399
0.455508
0.720850
0.327610
0.135560
0.355752
0.130670
0.169147
0.853696
0.068684
0.366386
0.846180
0.743672
0.899470
0.387712
0.272753
0.157063
0.766027
0.615799
0.741922
0.482128
0.121142
0.034768
0.349647
0.510706
0.431066
0.931860
0.764193
0.793593
0.916229
0.066388
0.780444
0.929263
0.115131
0.003854
0.780995
0.182277
0.532061
0.353416
0.869516
0.961095
0.131588
0.591587
0.799028
0.270863
0.391451
0.112276
0.023312
0.797022
0.548290
0.108388
0.675789
0.988875
0.013771
0.447872
0.384258
0.229158
0.463549
0.876025
0.356301
0.343637
0.507215
0.770824
0.244480
0.975250
0.031550
0.254541
0.078226
0.737771
0.709068
0.297622
0.136734
0.092283
0.993272
0.915053
0.297730
0.955222
0.423509
0.912305
0.107806
0.896412
0.998003
0.428265
0.844728
0.344888
0.529556
0.239716
0.899980
0.966759
0.313057
0.554305
0.198438
0.143968
0.671118
0.473173
0.615561
0.734547
0.530776
0.749992
0.114469
0.877238
0.743734
0.941003
0.436558
0.229031
0.316620
0.429982
0.704316
0.439448
0.798649
0.886831
0.965360
0.806119
0.441501
0.299327
0.788329
0.438585
0.295322
0.476262
0.541009
0.735247
0.294231
0.148612
0.716415
0.792626
0.670996
0.421850
0.035138
0.557178
0.496598
0.325997
0.035895
0.295150
0.585984
0.635848
0.689760
0.800512
0.207835
0.088904
0.215858
0.931056
0.259175
0.948667
0.239961
0.030394
0.823678
0.555478
0.913328
0.304585
0.168308
0.749592
0.400688
0.369520
0.518537
0.053184
0.856849
0.061672
0.516002
0.442399
0.396237
0.550901
0.992993
0.226800
0.821886
0.432252
0.859032
0.755776
0.329542
0.618827
0.630063
0.464387
0.955194
0.944903
0.981947
0.575538
0.064895
0.683133
0.417143
0.925313
0.730857
0.516449
0.965050
0.597435
0.097358
0.289247
0.366030
0.859070
0.388045
0.872833
0.705991
0.598270
0.131196
0.010980
0.538313
0.425828
0.894276
0.099879
0.665467
0.507593
0.122729
0.707950
0.521560
0.854569
0.742727
0.010727
0.289424
0.349872
0.298488
0.695158
0.528880
0.879091
0.882854
0.126351
0.578609
0.689520
0.765870
0.978830
0.188812
0.358499
0.297593
0.638398
0.555160
0.579986
0.826553
0.876655
0.947992
0.904616
0.880323
0.588461
0.260956
0.886720
0.110190
0.957280
0.000322
0.413406
0.109605
0.134098
0.792450
0.704911
0.441673
0.196500
0.578281
0.172360
0.859808
0.784975
0.071563
0.758322
0.113987
0.771421
0.267328
0.975174
0.743024
0.004639
0.973585
0.038701
0.443867
0.076144
0.758165
0.484162
0.312311
0.011358
0.899195
0.763142
0.119890
0.994600
0.237674
0.586282
0.634557
0.006585
0.675403
0.505745
0.056207
0.667125
0.374477
0.832703
0.242371
0.527292
0.190788
0.579934
0.953005
0.154894
0.304350
0.211491
0.532352
0.239920
0.329073
0.722482
0.762556
0.275006
0.032441
0.235621
0.081533
0.333410
0.618593
0.688132
0.432020
0.955748
0.257007
0.509177
0.745282
0.961912
0.854594
0.158526
0.350336
0.088982
0.514081
0.156278
0.558810
0.915250
0.603769
0.542303
0.490526
0.276982
0.242535
0.292778
0.725918
0.498558
0.270371
0.122070
0.627635
0.661854
0.774381
0.021404
0.737318
0.099074
0.134708
0.034882
0.260556
0.171672
0.293349
0.324020
0.811181
0.525404
0.470858
0.712253
0.828783
0.350814
0.132877
0.263508
0.772798
0.412500
0.885259
0.541722
0.716581
0.573335
0.047123
0.992826
0.427010
0.756631
0.695501
0.278138
0.669799
0.308144
0.971912
0.923980
0.326756
0.787986
0.678706
0.007836
0.694550
0.307219
0.424735
0.529380
0.286952
0.797118
0.168380
0.956685
0.999905
0.400783
0.962984
0.875279
0.807993
0.941009
0.536743
0.044257
0.820349
0.610321
0.657722
0.335992
0.016781
0.034071
0.638651
0.809880
0.651594
0.348306
0.975724
0.996172
0.657712
0.168437
0.924274
0.279729
0.397977
0.796094
0.954374
0.170117
0.161001
0.939419
0.817503
0.772460
0.739165
0.142634
0.243663
0.235949
0.602935
0.532954
0.350532
0.393752
0.792040
0.815233
0.622166
0.741687
0.528747
0.648991
0.584736
0.656607
0.599468
0.263521
0.002603
0.756573
0.724334
0.885545
0.360973
0.871923
0.418189
0.497507
0.607375
0.144134
0.467002
0.901071
0.305257
0.449025
0.765902
0.510757
0.286121
0.829828
0.912459
0.696456
0.335218
0.014372
0.545900
0.936175
0.285358
0.006815
0.533467
0.979175
0.989020
0.460208
0.713530
0.296318
0.215246
0.641525
0.109120
0.985838
0.986618
0.091420
0.488474
0.775380
0.819579
0.658126
0.115999
0.597263
0.191505
0.623887
0.665952
0.651588
0.240466
0.516541
0.510437
0.917544
0.168673
0.885646
0.051962
0.321043
0.770918
0.820961
0.894992
0.122810
0.067915
0.448392
0.124591
0.000201
0.375270
0.170355
0.151698
0.583744
0.993712
0.309329
0.884590
0.307579
0.481649
0.070540
0.557457
0.179365
0.593853
0.879535
0.345884
0.272679
0.923722
0.989069
0.284285
0.984932
0.758718
0.780887
0.367788
0.416645
0.548703
0.046981
0.606472
0.976952
0.626630
0.766476
0.154244
0.386377
0.840125
0.973362
0.298283
0.246469
0.402534
0.393866
0.702222
0.243185
0.213154
0.479385
0.028382
0.017598
0.764215
0.168053
0.473241
0.758634
0.354656
0.710504
0.436360
0.900562
0.742238
0.798111
0.848360
0.393816
0.865254
0.329046
0.268788
0.516977
0.834479
0.084293
0.718868
0.017502
0.157008
0.830956
0.875486
0.284842
0.340316
0.689918
0.448063
0.600035
0.790928
0.134386
0.628731
0.086481
0.483707
0.669572
0.494338
0.344674
0.939263
0.200169
0.247660
0.429290
0.072265
0.560291
0.810062
0.707158
0.200015
0.650010
0.722027
0.109775
0.995004
0.036292
0.963624
0.621447
0.661834
0.451966
0.190684
0.820465
0.548239
0.255595
0.792242
0.210547
0.660796
0.998615
0.715479
0.059597
0.648541
0.022460
0.479587
0.423265
0.821649
0.462851
0.129028
0.581649
0.779683
0.133055
0.253063
0.234802
0.311499
0.355901
0.634905
0.841370
0.911060
0.185996
0.030410
0.092866
0.797701
0.958385
0.575873
0.697439
0.850806
0.500263
0.921456
0.918416
0.815339
0.410804
0.387789
0.569081
0.550140
0.209174
0.589051
0.176058
0.005914
0.403193
0.471011
0.289124
0.303218
0.181173
0.982063
0.540262
0.179692
0.087612
0.487611
0.279825
0.026034
0.549859
0.484708
0.487860
0.467262
0.267277
0.132657
0.568593
0.336100
0.828233
0.112826
0.268500
0.676164
0.292530
0.546777
0.687370
0.629214
0.207325
0.512667
0.397620
0.796126
0.482161
0.683936
0.917114
0.928366
0.041692
0.723109
0.286948
0.742545
0.955383
0.120773
0.832535
0.414837
0.160578
0.833170
0.084322
0.207171
0.923180
0.884270
0.929987
0.288962
0.586395
0.548011
0.417333
0.109416
0.959199
0.252547
0.560672
0.218606
0.109601
0.062041
0.724034
0.846710
0.649908
0.008545
0.621053
0.032579
0.552359
0.502966
0.354070
0.854694
0.847449
0.073479
0.961906
0.753900
0.793344
0.732260
0.096384
0.930804
0.027386
0.282778
0.641803
0.776211
0.783504
0.352797
0.465939
0.042392
0.488004
0.888521
0.375871
0.262395
0.077206
0.601872
0.669626
0.399834
0.003687
0.963831
0.103133
0.351495
0.569230
0.040272
0.850303
0.045624
0.805832
0.623376
0.085426
0.750642
0.033819
0.399256
0.289261
0.605063
0.286195
0.085796
0.965162
0.482956
0.049739
0.967864
0.897162
0.609140
0.816256
0.814727
0.114715
0.009068
0.408993
0.947987
0.811255
0.766048
0.972572
0.023532
0.506345
0.146056
0.762053
0.823115
0.086580
0.158049
0.337816
0.674547
0.119297
0.030966
0.452656
0.784675
0.031358
0.028144
0.019677
0.710512
0.568132
0.602301
0.869048
0.090382
0.050337
0.009636
0.955458
0.374283
0.582373
0.941266
0.858957
0.497750
0.682401
0.108127
0.290557
0.393111
0.017665
0.899203
0.909628
0.112671
0.659415
0.792193
0.390664
0.893648
0.540667
0.986309
0.896573
0.703140
0.675510
0.290713
0.011086
0.328564
0.168715
0.589307
0.482956
0.039956
0.545629
0.390510
0.296475
0.857209
0.115744
0.308944
0.428172
0.288486
0.581867
0.433658
0.495583
0.265890
0.808394
0.679302
0.020814
0.825323
0.200382
0.817017
0.605253
0.480348
0.208657
0.898494
0.985348
0.744043
0.123703
0.075244
0.629441
0.020481
0.222269
0.667094
0.854751
0.802806
0.759740
0.947981
0.716854
0.157248
0.861176
0.785641
0.267928
0.060350
0.309892
0.356900
0.413333
0.892339
0.535757
0.474268
0.015293
0.022169
0.598414
0.540943
0.627487
0.172622
0.260098
0.459443
0.852309
0.749844
0.632782
0.165383
0.585303
0.194721
0.674945
0.803760
0.798131
0.180316
0.569100
0.864995
0.974391
0.591163
0.670865
0.231875
0.131259
0.075922
0.016683
0.397625
0.876377
0.270641
0.660910
0.915566
0.923618
0.249189
0.118603
0.365755
0.247891
0.296338
0.551076
0.928014
0.133496
0.662999
0.028776
0.630105
0.172955
0.860381
0.428353
0.330290
0.190144
0.753788
0.914507
0.113150
0.704712
0.086884
0.260537
0.845712
0.876011
0.117956
0.491837
0.302733
0.039707
0.351032
0.792190
0.334807
0.108454
0.785482
0.600318
0.536800
0.991427
0.918084
0.233229
0.872638
0.425365
0.114388
0.514660
0.883281
0.298803
0.989940
0.920230
0.303321
0.915254
0.678245
0.255895
0.830772
0.791638
0.055567
0.908395
0.402486
0.575204
0.454969
0.659668
0.033404
0.428050
0.240615
0.009608
0.478237
0.726114
0.792247
0.290822
0.843889
0.242404
0.089882
0.653151
0.512915
0.559088
0.594988
0.966500
0.966683
0.043659
0.782757
0.793204
0.385821
0.489046
0.387946
0.214034
0.271795
0.050231
0.235735
0.995010
0.138771
0.319422
0.517536
0.226662
0.506173
0.242269
0.822669
0.602842
0.962733
0.661021
0.786749
0.898772
0.658857
0.402694
0.086246
0.542872
0.052495
0.279638
0.867796
0.053908
0.024200
0.730924
0.641811
0.915145
0.842319
0.858477
0.423081
0.726391
0.451480
0.024548
0.582325
0.132192
0.745495
0.530752
0.349063
0.696658
0.727793
0.014776
0.340965
0.595361
0.227431
0.434904
0.433704
0.256643
0.395022
0.136740
0.194080
0.905282
0.073479
0.959996
0.658679
0.425645
0.821628
0.101178
0.504763
0.548500
0.639787
0.893480
0.711145
0.208997
0.615203
0.710395
0.606797
0.443365
0.641674
0.615421
0.384038
0.523787
0.292366
0.803048
0.827292
0.293386
0.937326
0.638411
0.780873
0.129796
0.484045
0.346460
0.955119
0.687550
0.647055
0.046895
0.169300
0.429839
0.310104
0.925450
0.040904
0.473073
0.943160
0.687674
0.740687
0.720601
0.149041
0.926630
0.873785
0.697385
0.946188
0.573483
0.524685
0.384267
0.381436
0.794293
0.688779
0.311917
0.395775
0.796104
0.117922
0.915276
0.045419
0.351226
0.054463
0.362577
0.830510
0.378622
0.500655
0.513396
0.645849
0.776881
0.033370
0.847146
0.979827
0.960173
0.630845
0.610684
0.765601
0.451228
0.789144
0.145978
0.444374
0.594952
0.352114
0.987238
0.514656
0.830101
0.499533
0.651776
0.392583
0.149943
0.087583
0.010077
0.370144
0.011695
0.553410
0.158950
0.474147
0.992959
0.657713
0.183159
0.346854
0.573340
0.118875
0.931268
0.816604
0.661040
0.105533
0.695959
0.974840
0.139868
0.761361
0.188450
0.273802
0.797285
0.968999
0.964945
0.830820
0.598591
0.522289
0.106351
0.441638
0.606752
0.679793
0.288912
0.737767
0.642567
0.621036
0.758312
0.942112
0.070055
0.418847
0.559626
0.641723
0.441948
0.826768
0.490654
0.415499
0.285457
0.669042
0.581215
0.482345
0.773239
0.828227
0.017196
0.008266
0.934732
0.046568
0.663903
0.225072
0.791049
0.159350
0.189884
0.385124
0.784241
0.733511
0.118372
0.480495
0.680647
0.635030
0.948785
0.222811
0.786709
0.210083
0.859651
0.156763
0.709238
0.157049
0.519935
0.541589
0.488171
0.687380
0.788129
0.082113
0.078734
0.288549
0.634881
0.448440
0.924869
0.265190
0.041886
0.980944
0.732792
0.036383
0.493898
0.942087
0.659273
0.394961
0.103080
0.472249
0.087958
0.315955
0.259882
0.843104
0.055003
0.443012
0.707674
0.875224
0.895118
0.241862
0.976357
0.634219
0.317010
0.991868
0.326642
0.876552
0.204708
0.519996
0.572831
0.564826
0.022659
0.822762
0.157151
0.235921
0.122404
0.244299
0.939355
0.734302
0.416430
0.940152
0.129775
0.126936
0.408725
0.439873
0.940680
0.010779
0.158182
0.570507
0.511673
0.694403
0.823301
0.224610
0.023432
0.825382
0.196843
0.339741
0.030480
0.273795
0.666092
0.001056
0.752929
0.478659
0.821390
0.109448
0.497449
0.632389
0.561101
0.422779
0.643587
0.761122
0.170470
0.088748
0.580923
0.577771
0.592930
0.374151
0.363073
0.165296
0.124559
0.455791
0.475189
0.508538
0.989871
0.761943
0.973751
0.838780
0.376020
0.770293
0.309114
0.282527
0.435200
0.398924
0.723272
0.034740
0.870735
0.450374
0.430191
0.212987
0.671401
0.243063
0.162074
0.976633
0.274778
0.201574
0.856005
0.877215
0.349536
0.645690
0.107690
0.939186
0.896406
0.893685
0.161087
0.381389
0.997279
0.275048
0.732721
0.842291
0.378948
0.971264
0.032695
0.499247
0.843145
0.734019
0.661512
0.025428
0.360670
0.780636
0.140868
0.567260
0.937054
0.073181
0.947520
0.966885
0.440992
0.758136
0.996305
0.904287
0.353599
0.943221
0.717397
0.299010
0.468448
0.205548
0.644824
0.552889
0.404585
0.855851
0.280895
0.003697
0.136105
0.512925
0.735847
0.375933
0.312702
0.579913
0.591716
0.975980
0.295862
0.545451
0.398371
0.427001
0.608454
0.290558
0.402573
0.046851
0.426038
0.417637
0.228261
0.381072
0.669134
0.138107
0.163003
0.584378
0.640321
0.870967
0.340244
0.473191
0.925830
0.418620
0.748169
0.475822
0.138829
0.295221
0.780499
0.853838
0.463271
0.194197
0.872980
0.172636
0.494497
0.016198
0.231708
0.321295
0.011542
0.993013
0.571559
0.192991
0.602300
0.855994
0.685351
0.700659
0.981216
0.299706
0.150361
0.111953
0.594918
0.792553
0.429999
0.000935
0.721618
0.240360
0.726831
0.843658
0.359281
0.432455
0.272096
0.122110
0.299341
0.024059
0.356764
0.127626
0.018236
0.490200
0.785939
0.278072
0.553884
0.124159
0.742652
0.753570
0.242977
0.711362
0.869147
0.761046
0.895821
0.055344
0.164519
0.065385
0.924042
0.367311
0.394608
0.184318
0.836126
0.762600
0.025837
0.241684
0.987811
0.140590
0.891098
0.687092
0.960433
0.997497
0.935738
0.954672
0.164484
0.474353
0.453357
0.564589
0.053946
0.668083
0.476292
0.047273
0.520148
0.135708
0.849695
0.830702
0.605512
0.846085
0.143790
0.681742
0.036538
0.095485
0.812857
0.691239
0.661264
0.858770
0.352254
0.329968
0.773084
0.216036
0.912723
0.131088
0.197501
0.391271
0.094201
0.237608
0.472229
0.756566
0.611392
0.663725
0.220568
0.091870
0.054186
0.697490
0.706518
0.447405
0.540569
0.347890
0.986776
0.751360
0.104992
0.600630
0.781265
0.726338
0.555697
0.603931
0.263962
0.414042
0.805802
0.119162
0.763425
0.877759
0.499070
0.869985
0.843682
0.755663
0.426811
0.414849
0.375341
0.361614
0.649969
0.025441
0.588942
0.343302
0.881300
0.015658
0.159068
0.455768
0.097841
0.414082
0.479261
0.945832
0.601400
0.721611
0.119849
0.307969
0.032907
0.064549
0.882533
0.738545
0.729109
0.140431
0.218002
0.955552
0.962637
0.044939
0.285800
0.444581
0.075815
0.230307
0.765943
0.205981
0.919379
0.006204
0.262328
0.942923
0.698699
0.034675
0.777564
0.515201
0.989997
0.879860
0.809214
0.461835
0.064170
0.510711
0.511404
0.167255
0.052825
0.837197
0.771921
0.682435
0.693430
0.475581
0.092737
0.626431
0.429820
0.991336
0.391339
0.236131
0.653200
0.333580
0.480015
0.613468
0.560683
0.406431
0.884979
0.834168
0.868550
0.727640
0.451421
0.032290
0.695393
0.467023
0.247169
0.169324
0.827583
0.192036
0.543529
0.099258
0.236846
0.667968
0.542115
0.324463
0.243243
0.176705
0.885710
0.133229
0.187240
0.935417
0.547237
0.418211
0.867116
0.610957
0.361080
0.678132
0.366625
0.871790
0.178071
0.831021
0.962819
0.092824
0.098939
0.870046
0.865891
0.037710
0.793548
0.167230
0.636987
0.839900
0.194337
0.224976
0.171804
0.517134
0.471143
0.507430
0.373889
0.953696
0.775456
0.086034
0.971465
0.413631
0.902960
0.053096
0.380459
0.378703
0.861207
0.305562
0.586270
0.433115
0.355456
0.150015
0.309999
0.160283
0.876628
0.493100
0.533756
0.832181
0.466843
0.230816
0.321933
0.735961
0.303341
0.255326
0.258215
0.818355
0.096305
0.593638
0.270131
0.091059
0.432163
0.362630
0.730683
0.591939
0.713604
0.534270
0.467961
