0.240840
0.797304
0.295413
0.011475
0.861993
0.519643
0.645459
0.237135
0.531446
0.017498
0.094992
0.525523
0.458912
0.941197
0.692727
0.657325
0.666524
0.276019
0.046209
0.627879
0.758269
0.231149
0.914305
0.720168
0.864342
0.000342
0.751544
0.199742
0.062044
0.771400
0.913404
0.573318
0.759144
0.928374
0.173574
0.266377
0.992233
0.455918
0.616101
0.802022
0.581363
0.964181
0.984313
0.343159
0.477830
0.892457
0.520227
0.458905
0.811999
0.266920
0.124667
0.270147
0.354463
0.467961
0.015354
0.059523
0.406081
0.003979
0.867873
0.338872
0.424409
0.035143
0.655071
0.771252
0.437367
0.831746
0.147756
0.327487
0.069907
0.929639
0.439956
0.346578
0.932890
0.075840
0.645605
0.687133
0.646798
0.729980
0.766890
0.112591
0.318437
0.976035
0.219154
0.321394
0.669441
0.300364
0.224986
0.343687
0.350037
0.075229
0.381627
0.007957
0.735347
0.969317
0.312946
0.679130
0.139012
0.375586
0.475459
0.041391
0.651394
0.985636
0.581208
0.369043
0.500680
0.929978
0.139236
0.136970
0.062592
0.981659
0.739397
0.051005
0.241994
0.199774
0.599066
0.499809
0.283797
0.769420
0.648673
0.250862
0.234005
0.926654
0.273712
0.278359
0.378152
0.595224
0.930517
0.198689
0.361325
0.781325
0.735117
0.118900
0.351935
0.972717
0.447108
0.550124
0.934969
0.031105
0.787990
0.739892
0.370263
0.016959
0.033950
0.598998
0.352299
0.081761
0.161475
0.907680
0.385745
0.219147
0.197980
0.450060
0.160039
0.771056
0.137120
0.582628
0.228676
0.363907
0.182933
0.563070
0.525057
0.636175
0.186587
0.971401
0.339063
0.633110
0.686753
0.258696
0.904239
0.545965
0.032711
0.781779
0.357297
0.086150
0.931274
0.922698
0.787296
0.091281
0.157147
0.167511
0.350598
0.498178
0.878552
0.815880
0.494182
0.723161
0.173285
0.397052
0.258122
0.248213
0.722172
0.542688
0.963364
0.262355
0.402283
0.177636
0.533456
0.788407
0.755434
0.580479
