0 9.924877
1000 9.923064
2000 9.924145
3000 9.924046
4000 9.923020
5000 9.921803
6000 9.922042
7000 9.924805
8000 9.924167
9000 9.923622
10000 9.919262
11000 9.922368
12000 9.921088
13000 9.920031
14000 9.924447
15000 9.922957
16000 9.920404
17000 9.923332
18000 9.922297
19000 9.924466
20000 9.924539
21000 9.923003
22000 9.924861
23000 9.920123
24000 9.924000
25000 9.912134
26000 9.919325
27000 9.923197
28000 9.923593
29000 9.917480
30000 9.924296
31000 9.924145
32000 9.924422
33000 9.924421
34000 9.923212
35000 9.923545
36000 9.924663
37000 9.920075
38000 9.924099
39000 9.922847
40000 9.922905
41000 9.924232
42000 9.922879
43000 9.919699
44000 9.924217
45000 9.922144
46000 9.924284
47000 9.924089
48000 9.923080
49000 9.924481
50000 9.924840
51000 9.921392
52000 9.923166
53000 9.924863
54000 9.924452
55000 9.924293
56000 9.919176
57000 9.918431
58000 9.923884
59000 9.924471
60000 9.919817
61000 9.923706
62000 9.923186
63000 9.923779
64000 9.923871
65000 9.923413
66000 9.923038
67000 9.920912
68000 9.924695
69000 9.924368
70000 9.923663
71000 9.922501
72000 9.924375
73000 9.923111
74000 9.921268
75000 9.924589
76000 9.923812
77000 9.923133
78000 9.924616
79000 9.924384
80000 9.923221
81000 9.917730
82000 9.923106
83000 9.924539
84000 9.921923
85000 9.922577
86000 9.920799
87000 9.923231
88000 9.920086
89000 9.924086
90000 9.924562
91000 9.922639
92000 9.923194
93000 9.923313
94000 9.919591
95000 9.924170
96000 9.922210
97000 9.924685
98000 9.922871
99000 9.924833
100000 9.924055
101000 9.923148
102000 9.922436
103000 9.923196
104000 9.924873
105000 9.921683
106000 9.924774
107000 9.924380
108000 9.923685
109000 9.921761
110000 9.924676
111000 9.924614
112000 9.919590
113000 9.922826
114000 9.923243
115000 9.923270
116000 9.921314
117000 9.915288
118000 9.924527
119000 9.924027
120000 9.924803
121000 9.922530
122000 9.923814
123000 9.922343
124000 9.922905
125000 9.921506
126000 9.924487
127000 9.921730
128000 9.914238
129000 9.920967
130000 9.920751
131000 9.921268
132000 9.921872
133000 9.921661
134000 9.924754
135000 9.924566
136000 9.922333
137000 9.924184
138000 9.924239
139000 9.924358
140000 9.924208
141000 9.923816
142000 9.924384
143000 9.923498
144000 9.920214
145000 9.923890
146000 9.921744
147000 9.924126
148000 9.923286
149000 9.924808
150000 9.919768
151000 9.924168
152000 9.919623
153000 9.924321
154000 9.922768
155000 9.922734
156000 9.924748
157000 9.923794
158000 9.923621
159000 9.924185
160000 9.916026
161000 9.924060
162000 9.923744
163000 9.919319
164000 9.923732
165000 9.924088
166000 9.922555
167000 9.924347
168000 9.922049
169000 9.921370
170000 9.922642
171000 9.924348
172000 9.922096
173000 9.924510
174000 9.921044
175000 9.924550
176000 9.924612
177000 9.924702
178000 9.922846
179000 9.922590
180000 9.923932
181000 9.924649
182000 9.924484
183000 9.924630
184000 9.921893
185000 9.924070
186000 9.922803
187000 9.924318
188000 9.924230
189000 9.923425
190000 9.921936
191000 9.922677
192000 9.923164
193000 9.924230
194000 9.923491
195000 9.924274
196000 9.924368
197000 9.924517
198000 9.924101
199000 9.923976
200000 9.921718
201000 9.924006
202000 9.923047
203000 9.922232
204000 9.918281
205000 9.921012
206000 9.922464
207000 9.923834
208000 9.924841
209000 9.921728
210000 9.918144
211000 9.924005
212000 9.921739
213000 9.922057
214000 9.920192
215000 9.922772
216000 9.917445
217000 9.924649
218000 9.921679
219000 9.921451
220000 9.924220
221000 9.920653
222000 9.921667
223000 9.921321
224000 9.922273
225000 9.922780
226000 9.923796
227000 9.922874
228000 9.924216
229000 9.923256
230000 9.923620
231000 9.919786
232000 9.918634
233000 9.924010
234000 9.923875
235000 9.923350
236000 9.923499
237000 9.921669
238000 9.924681
239000 9.922977
240000 9.924653
241000 9.923737
242000 9.922776
243000 9.924873
244000 9.923088
245000 9.923982
246000 9.922948
247000 9.919850
248000 9.924426
249000 9.919518
250000 9.922909
251000 9.923342
252000 9.916988
253000 9.922850
254000 9.924636
255000 9.924187
256000 9.924629
257000 9.922906
258000 9.923026
259000 9.922715
260000 9.923049
261000 9.924643
262000 9.924631
263000 9.923969
264000 9.924719
265000 9.922286
266000 9.924105
267000 9.923457
268000 9.924699
269000 9.924389
270000 9.923862
271000 9.924187
272000 9.921534
273000 9.924301
274000 9.920237
275000 9.923818
276000 9.924065
277000 9.920587
278000 9.924406
279000 9.922723
280000 9.924763
281000 9.924687
282000 9.923688
283000 9.924687
284000 9.922697
285000 9.916161
286000 9.923813
287000 9.924750
288000 9.924214
289000 9.924501
290000 9.919956
291000 9.922694
292000 9.923570
293000 9.924875
294000 9.922047
295000 9.924016
296000 9.920839
297000 9.924534
298000 9.920941
299000 9.921569
300000 9.924540
301000 9.924399
302000 9.924312
303000 9.918825
304000 9.919736
305000 9.921804
306000 9.921182
307000 9.923599
308000 9.924565
309000 9.920847
310000 9.923745
311000 9.923996
312000 9.919628
313000 9.923202
314000 9.924470
315000 9.921876
316000 9.917752
317000 9.921712
318000 9.922570
319000 9.923498
320000 9.920766
321000 9.924103
322000 9.923992
323000 9.922633
324000 9.918877
325000 9.924540
326000 9.922946
327000 9.923872
328000 9.924183
329000 9.922233
330000 9.922823
331000 9.923065
332000 9.924680
333000 9.924065
334000 9.921789
335000 9.924026
336000 9.923816
337000 9.923624
338000 9.924422
339000 9.924563
340000 9.922122
341000 9.921566
342000 9.923288
343000 9.921499
344000 9.924155
345000 9.923659
346000 9.923794
347000 9.922167
348000 9.922003
349000 9.923544
350000 9.924180
351000 9.923916
352000 9.922963
353000 9.922970
354000 9.923880
355000 9.924677
356000 9.923439
357000 9.924701
358000 9.922111
359000 9.924463
360000 9.919917
361000 9.923146
362000 9.924697
363000 9.914376
364000 9.924555
365000 9.922675
366000 9.923988
367000 9.920825
368000 9.924501
369000 9.924662
370000 9.924034
371000 9.917785
372000 9.923761
373000 9.923758
374000 9.920130
375000 9.923006
376000 9.921627
377000 9.923285
378000 9.921426
379000 9.920982
380000 9.924593
381000 9.919824
382000 9.921676
383000 9.921822
384000 9.922182
385000 9.924180
386000 9.924389
387000 9.923322
388000 9.922777
389000 9.924319
390000 9.924244
391000 9.924628
392000 9.921489
393000 9.921357
394000 9.924263
395000 9.924856
396000 9.922858
397000 9.911084
398000 9.923771
399000 9.924813
400000 9.924290
401000 9.920168
402000 9.922929
403000 9.922991
404000 9.924635
405000 9.922833
406000 9.919940
407000 9.923013
408000 9.924573
409000 9.924725
410000 9.924785
411000 9.921440
412000 9.921450
413000 9.924031
414000 9.920877
415000 9.924688
416000 9.921166
417000 9.919428
418000 9.923556
419000 9.922857
420000 9.921957
421000 9.923443
422000 9.923982
423000 9.924858
424000 9.923751
425000 9.923139
426000 9.924539
427000 9.922784
428000 9.923395
429000 9.924149
430000 9.924549
431000 9.924450
432000 9.923939
433000 9.924285
434000 9.923664
435000 9.920158
436000 9.924436
437000 9.918784
438000 9.924613
439000 9.922612
440000 9.921369
441000 9.918321
442000 9.923199
443000 9.923362
444000 9.923408
445000 9.922096
446000 9.924767
447000 9.923633
448000 9.923991
449000 9.922296
450000 9.921822
451000 9.923588
452000 9.924832
453000 9.920969
454000 9.924511
455000 9.924738
456000 9.921502
457000 9.923235
458000 9.919648
459000 9.920867
460000 9.924155
461000 9.923959
462000 9.924005
463000 9.923516
464000 9.923744
465000 9.923774
466000 9.917541
467000 9.921791
468000 9.923842
469000 9.923571
470000 9.924490
471000 9.923745
472000 9.923830
473000 9.924100
474000 9.924188
475000 9.923662
476000 9.924473
477000 9.917785
478000 9.921475
479000 9.924563
480000 9.919605
481000 9.924256
482000 9.924329
483000 9.924584
484000 9.919179
485000 9.924539
486000 9.923367
487000 9.922934
488000 9.923278
489000 9.924628
490000 9.921754
491000 9.924726
492000 9.924631
493000 9.924320
494000 9.923496
495000 9.923016
496000 9.923501
497000 9.923912
498000 9.922421
499000 9.923464
500000 9.924411
501000 9.922353
502000 9.917580
503000 9.923394
504000 9.922569
505000 9.923755
506000 9.921887
507000 9.924616
508000 9.924368
509000 9.922015
510000 9.918132
511000 9.924437
512000 9.924535
513000 9.918434
514000 9.923276
515000 9.923891
516000 9.924320
517000 9.924719
518000 9.924585
519000 9.924704
520000 9.924847
521000 9.924752
522000 9.920440
523000 9.923169
524000 9.923369
525000 9.924571
526000 9.922336
527000 9.923047
528000 9.923544
529000 9.924303
530000 9.923254
531000 9.923912
532000 9.924073
533000 9.922414
534000 9.920052
535000 9.921770
536000 9.923668
537000 9.916014
538000 9.923500
539000 9.924609
540000 9.923935
541000 9.921962
542000 9.920244
543000 9.923655
544000 9.924567
545000 9.922633
546000 9.923445
547000 9.921171
548000 9.924689
549000 9.922998
550000 9.921123
551000 9.922912
552000 9.923973
553000 9.918294
554000 9.924749
555000 9.923813
556000 9.921487
557000 9.923789
558000 9.924569
559000 9.924877
560000 9.924102
561000 9.923468
562000 9.922391
563000 9.921067
564000 9.921156
565000 9.924102
566000 9.922267
567000 9.924302
568000 9.923101
569000 9.922674
570000 9.922486
571000 9.924252
572000 9.924377
573000 9.922344
574000 9.923487
575000 9.924140
576000 9.922818
577000 9.923614
578000 9.924572
579000 9.924844
580000 9.924771
581000 9.924024
582000 9.924392
583000 9.922382
584000 9.918029
585000 9.922922
586000 9.924239
587000 9.923777
588000 9.923200
589000 9.924329
590000 9.922849
591000 9.924519
592000 9.924234
593000 9.924245
594000 9.919736
595000 9.919631
596000 9.924306
597000 9.924234
598000 9.922126
599000 9.923518
600000 9.921581
601000 9.924007
602000 9.924397
603000 9.924825
604000 9.924216
605000 9.922811
606000 9.923344
607000 9.923695
608000 9.922838
609000 9.923278
610000 9.916756
611000 9.924184
612000 9.920441
613000 9.924023
614000 9.924372
615000 9.924793
616000 9.923795
617000 9.923502
618000 9.923461
619000 9.924673
620000 9.924252
621000 9.921134
622000 9.923607
623000 9.924312
624000 9.924184
625000 9.923207
626000 9.923761
627000 9.922888
628000 9.923136
629000 9.923108
630000 9.920215
631000 9.924843
632000 9.917890
633000 9.920090
634000 9.922972
635000 9.919208
636000 9.923098
637000 9.920775
638000 9.922952
639000 9.924005
640000 9.924555
641000 9.921851
642000 9.921963
643000 9.923329
644000 9.922951
645000 9.921217
646000 9.924748
647000 9.923161
648000 9.923601
649000 9.924101
650000 9.915102
651000 9.924318
652000 9.922909
653000 9.924674
654000 9.924616
655000 9.922250
656000 9.923302
657000 9.923784
658000 9.924283
659000 9.921038
660000 9.923909
661000 9.924723
662000 9.923616
663000 9.914393
664000 9.924041
665000 9.924720
666000 9.924567
667000 9.922640
668000 9.923948
669000 9.920943
670000 9.922224
671000 9.924537
672000 9.921220
673000 9.924108
674000 9.918600
675000 9.924306
676000 9.924265
677000 9.921725
678000 9.919421
679000 9.924417
680000 9.923696
681000 9.924276
682000 9.922725
683000 9.921746
684000 9.921957
685000 9.921376
686000 9.923863
687000 9.922857
688000 9.924173
689000 9.921981
690000 9.924875
691000 9.920035
692000 9.923216
693000 9.923602
694000 9.921573
695000 9.919450
696000 9.924641
697000 9.923781
698000 9.924252
699000 9.924656
700000 9.923693
701000 9.923670
702000 9.924342
703000 9.924780
704000 9.919485
705000 9.924615
706000 9.922519
707000 9.921377
708000 9.924654
709000 9.923669
710000 9.922373
711000 9.924085
712000 9.924111
713000 9.923422
714000 9.922995
715000 9.924469
716000 9.923077
717000 9.922812
718000 9.923492
719000 9.922808
720000 9.922186
721000 9.924239
722000 9.924196
723000 9.924355
724000 9.924629
725000 9.924129
726000 9.922123
727000 9.924012
728000 9.922556
729000 9.922522
730000 9.923780
731000 9.922764
732000 9.924277
733000 9.924741
734000 9.923983
735000 9.921956
736000 9.921961
737000 9.922600
738000 9.923663
739000 9.924555
740000 9.918760
741000 9.922647
742000 9.923963
743000 9.923763
744000 9.924822
745000 9.919983
746000 9.921756
747000 9.922005
748000 9.923240
749000 9.924427
750000 9.924324
751000 9.922346
752000 9.923415
753000 9.922630
754000 9.922036
755000 9.924144
756000 9.922676
757000 9.922273
758000 9.924761
759000 9.923610
760000 9.922061
761000 9.924322
762000 9.922513
763000 9.921611
764000 9.923875
765000 9.918744
766000 9.924384
767000 9.923017
768000 9.924203
769000 9.921741
770000 9.924580
771000 9.924371
772000 9.920643
773000 9.924725
774000 9.924132
775000 9.923108
776000 9.923125
777000 9.923058
778000 9.923559
779000 9.921560
780000 9.920158
781000 9.915523
782000 9.923964
783000 9.924236
784000 9.924550
785000 9.923387
786000 9.923674
787000 9.921066
788000 9.922888
789000 9.924853
790000 9.920785
791000 9.924044
792000 9.923083
793000 9.924754
794000 9.924775
795000 9.922429
796000 9.924838
797000 9.923313
798000 9.924707
799000 9.924765
800000 9.924309
801000 9.924501
802000 9.924391
803000 9.922284
804000 9.924443
805000 9.921360
806000 9.924169
807000 9.923620
808000 9.924454
809000 9.920414
810000 9.923522
811000 9.916359
812000 9.924550
813000 9.924214
814000 9.924599
815000 9.923313
816000 9.922161
817000 9.922971
818000 9.921810
819000 9.920412
820000 9.918897
821000 9.923413
822000 9.924247
823000 9.924205
824000 9.924281
825000 9.919489
826000 9.919500
827000 9.924796
828000 9.923598
829000 9.924533
830000 9.922282
831000 9.920973
832000 9.922563
833000 9.924467
834000 9.919668
835000 9.924819
836000 9.921301
837000 9.923958
838000 9.924303
839000 9.924382
840000 9.922916
841000 9.922392
842000 9.924030
843000 9.924260
844000 9.923657
845000 9.924461
846000 9.924858
847000 9.920290
848000 9.919471
849000 9.923285
850000 9.923356
851000 9.923969
852000 9.923469
853000 9.921694
854000 9.924519
855000 9.924576
856000 9.923126
857000 9.922258
858000 9.924735
859000 9.916694
860000 9.924157
861000 9.918977
862000 9.924235
863000 9.924282
864000 9.910764
865000 9.923963
866000 9.923494
867000 9.922482
868000 9.923829
869000 9.924046
870000 9.924568
871000 9.924003
872000 9.921910
873000 9.915749
874000 9.923549
875000 9.922398
876000 9.918598
877000 9.921311
878000 9.924725
879000 9.921214
880000 9.923287
881000 9.923822
882000 9.924370
883000 9.923840
884000 9.924722
885000 9.920428
886000 9.918730
887000 9.922878
888000 9.923610
889000 9.923038
890000 9.921919
891000 9.921860
892000 9.924734
893000 9.924522
894000 9.922273
895000 9.917618
896000 9.920765
897000 9.924339
898000 9.924701
899000 9.916494
900000 9.923371
901000 9.924194
902000 9.923583
903000 9.924656
904000 9.924726
905000 9.923240
906000 9.917988
907000 9.921766
908000 9.918292
909000 9.923296
910000 9.923121
911000 9.922812
912000 9.923816
913000 9.924708
914000 9.921886
915000 9.924459
916000 9.924865
917000 9.920713
918000 9.922825
919000 9.922244
920000 9.909702
921000 9.923539
922000 9.924812
923000 9.924841
924000 9.923859
925000 9.924280
926000 9.923029
927000 9.923861
928000 9.924002
929000 9.919994
930000 9.921061
931000 9.924214
932000 9.924816
933000 9.923410
934000 9.924112
935000 9.922872
936000 9.922814
937000 9.915304
938000 9.923639
939000 9.920634
940000 9.924167
941000 9.922191
942000 9.924700
943000 9.924753
944000 9.923587
945000 9.923813
946000 9.920423
947000 9.923880
948000 9.921642
949000 9.915937
950000 9.924674
951000 9.924600
952000 9.924544
953000 9.924582
954000 9.924228
955000 9.923385
956000 9.923774
957000 9.924768
958000 9.923171
959000 9.923408
960000 9.923983
961000 9.922872
962000 9.923767
963000 9.923957
964000 9.922797
965000 9.923787
966000 9.922289
967000 9.923411
968000 9.924605
969000 9.920506
970000 9.922903
971000 9.921199
972000 9.922842
973000 9.924120
974000 9.923730
975000 9.923146
976000 9.922857
977000 9.924502
978000 9.924365
979000 9.921078
980000 9.916164
981000 9.924271
982000 9.924185
983000 9.922013
984000 9.918871
985000 9.924759
986000 9.914462
987000 9.924226
988000 9.920150
989000 9.921931
990000 9.924085
991000 9.922589
992000 9.921680
993000 9.924343
994000 9.923305
995000 9.924852
996000 9.921051
997000 9.924573
998000 9.924195
999000 9.923594
