0 0.000000e+000
1000 1.251382e-022
2000 5.049229e-023
3000 5.737846e-023
4000 1.281489e-022
5000 2.120979e-022
6000 1.955997e-022
7000 4.950621e-024
8000 4.897087e-023
9000 8.659700e-023
10000 3.874355e-022
11000 1.731636e-022
12000 2.614372e-022
13000 3.343733e-022
14000 2.965638e-023
15000 1.324677e-022
16000 3.086588e-022
17000 1.066201e-022
18000 1.780176e-022
19000 2.837385e-023
20000 2.336044e-023
21000 1.293462e-022
22000 1.123700e-024
23000 3.280600e-022
24000 6.050543e-023
25000 8.792839e-022
26000 3.831232e-022
27000 1.159221e-022
28000 8.861556e-023
29000 5.103736e-022
30000 4.007702e-023
31000 5.049667e-023
32000 3.143676e-023
33000 3.148108e-023
34000 1.148817e-022
35000 9.194335e-023
36000 1.476856e-023
37000 3.313769e-022
38000 5.367563e-023
39000 1.401156e-022
40000 1.360970e-022
41000 4.453359e-023
42000 1.378673e-022
43000 3.572823e-022
44000 4.556127e-023
45000 1.886066e-022
46000 4.090090e-023
47000 5.438017e-023
48000 1.239931e-022
49000 2.734966e-023
50000 2.557029e-024
51000 2.405058e-022
52000 1.180828e-022
53000 9.646499e-025
54000 2.931020e-023
55000 4.033397e-023
56000 3.934155e-022
57000 4.448183e-022
58000 6.851143e-023
59000 2.804178e-023
60000 3.491568e-022
61000 8.079042e-023
62000 1.166836e-022
63000 7.578360e-023
64000 6.945734e-023
65000 1.010005e-022
66000 1.268931e-022
67000 2.735874e-022
68000 1.260367e-023
69000 3.510913e-023
70000 8.376437e-023
71000 1.639340e-022
72000 3.465569e-023
73000 1.218387e-022
74000 2.490266e-022
75000 1.990809e-023
76000 7.347213e-023
77000 1.203447e-022
78000 1.803298e-023
79000 3.403502e-023
80000 1.142450e-022
81000 4.931228e-022
82000 1.221885e-022
83000 2.331276e-023
84000 2.038320e-022
85000 1.587239e-022
86000 2.813746e-022
87000 1.135628e-022
88000 3.305779e-022
89000 5.458480e-023
90000 2.175617e-023
91000 1.544673e-022
92000 1.161424e-022
93000 1.079270e-022
94000 3.647124e-022
95000 4.878774e-023
96000 1.840595e-022
97000 1.323459e-023
98000 1.384224e-022
99000 3.048324e-024
100000 5.671127e-023
101000 1.193116e-022
102000 1.684336e-022
103000 1.160140e-022
104000 2.691213e-025
105000 2.203742e-022
106000 7.102873e-024
107000 3.428446e-023
108000 8.229214e-023
109000 2.150211e-022
110000 1.388025e-023
111000 1.816711e-023
112000 3.647897e-022
113000 1.415583e-022
114000 1.127297e-022
115000 1.108873e-022
116000 2.458730e-022
117000 6.616737e-022
118000 2.419036e-023
119000 5.862829e-023
120000 5.114629e-024
121000 1.619868e-022
122000 7.335644e-023
123000 1.748704e-022
124000 1.360513e-022
125000 2.326020e-022
126000 2.695109e-023
127000 2.171818e-022
128000 7.340980e-022
129000 2.697902e-022
130000 2.846804e-022
131000 2.490383e-022
132000 2.073660e-022
133000 2.219340e-022
134000 8.494445e-024
135000 2.147584e-023
136000 1.755244e-022
137000 4.782988e-023
138000 4.401119e-023
139000 3.581064e-023
140000 4.620308e-023
141000 7.321331e-023
142000 3.405632e-023
143000 9.517097e-023
144000 3.217743e-022
145000 6.808277e-023
146000 2.161786e-022
147000 5.181415e-023
148000 1.097819e-022
149000 4.739916e-024
150000 3.525019e-022
151000 4.890127e-023
152000 3.625290e-022
153000 3.834977e-023
154000 1.455404e-022
155000 1.478451e-022
156000 8.902095e-024
157000 7.473454e-023
158000 8.668334e-023
159000 4.775434e-023
160000 6.107363e-022
161000 5.635399e-023
162000 7.819539e-023
163000 3.834948e-022
164000 7.902888e-023
165000 5.448311e-023
166000 1.602337e-022
167000 3.657221e-023
168000 1.951452e-022
169000 2.419992e-022
170000 1.542097e-022
171000 3.654228e-023
172000 1.918706e-022
173000 2.535916e-023
174000 2.644568e-022
175000 2.258872e-023
176000 1.828613e-023
177000 1.209099e-023
178000 1.401491e-022
179000 1.577965e-022
180000 6.521269e-023
181000 1.573896e-023
182000 2.714276e-023
183000 1.705481e-023
184000 2.058769e-022
185000 5.569961e-023
186000 1.431177e-022
187000 3.857630e-023
188000 4.462183e-023
189000 1.002174e-022
190000 2.029346e-022
191000 1.518189e-022
192000 1.182018e-022
193000 4.463751e-023
194000 9.562856e-023
195000 4.162019e-023
196000 3.510832e-023
197000 2.487825e-023
198000 5.353030e-023
199000 6.218293e-023
200000 2.179673e-022
201000 6.013383e-023
202000 1.263113e-022
203000 1.825361e-022
204000 4.551073e-022
205000 2.666824e-022
206000 1.665358e-022
207000 7.194704e-023
208000 2.473277e-024
209000 2.173033e-022
210000 4.645801e-022
211000 6.021102e-023
212000 2.165274e-022
213000 1.946163e-022
214000 3.232460e-022
215000 1.452837e-022
216000 5.127923e-022
217000 1.573865e-023
218000 2.206500e-022
219000 2.363997e-022
220000 4.532544e-023
221000 2.914790e-022
222000 2.214708e-022
223000 2.453607e-022
224000 1.797207e-022
225000 1.447207e-022
226000 7.460885e-023
227000 1.381931e-022
228000 4.561581e-023
229000 1.118631e-022
230000 8.671226e-023
231000 3.512935e-022
232000 4.308032e-022
233000 5.986773e-023
234000 6.911838e-023
235000 1.053876e-022
236000 9.508249e-023
237000 2.213720e-022
238000 1.353959e-023
239000 1.311278e-022
240000 1.544108e-023
241000 7.866286e-023
242000 1.450013e-022
243000 2.762620e-025
244000 1.234706e-022
245000 6.176306e-023
246000 1.331413e-022
247000 3.468634e-022
248000 3.116385e-023
249000 3.697756e-022
250000 1.357727e-022
251000 1.058998e-022
252000 5.443736e-022
253000 1.399049e-022
254000 1.665158e-023
255000 4.762682e-023
256000 1.712807e-023
257000 1.360010e-022
258000 1.277512e-022
259000 1.492184e-022
260000 1.261144e-022
261000 1.614282e-023
262000 1.700974e-023
263000 6.264237e-023
264000 1.093138e-023
265000 1.788133e-022
266000 5.328696e-023
267000 9.799839e-023
268000 1.229691e-023
269000 3.366688e-023
270000 7.001748e-023
271000 4.763180e-023
272000 2.306591e-022
273000 3.973795e-023
274000 3.201474e-022
275000 7.307552e-023
276000 5.603855e-023
277000 2.960195e-022
278000 3.248146e-023
279000 1.486064e-022
280000 7.901614e-024
281000 1.310855e-023
282000 8.203162e-023
283000 1.312072e-023
284000 1.504275e-022
285000 6.014377e-022
286000 7.342709e-023
287000 8.767795e-024
288000 4.574195e-023
289000 2.595044e-023
290000 3.395803e-022
291000 1.506628e-022
292000 9.019822e-023
293000 1.229698e-025
294000 1.952537e-022
295000 5.940123e-023
296000 2.786015e-022
297000 2.370656e-023
298000 2.716158e-022
299000 2.282305e-022
300000 2.323403e-023
301000 3.302684e-023
302000 3.898235e-023
303000 4.175971e-022
304000 3.547608e-022
305000 2.120431e-022
306000 2.549384e-022
307000 8.818229e-023
308000 2.151703e-023
309000 2.780863e-022
310000 7.815181e-023
311000 6.082345e-023
312000 3.622055e-022
313000 1.155938e-022
314000 2.806916e-023
315000 2.071113e-022
316000 4.916337e-022
317000 2.184028e-022
318000 1.591996e-022
319000 9.517843e-023
320000 2.836814e-022
321000 5.340914e-023
322000 6.109340e-023
323000 1.548262e-022
324000 4.140396e-022
325000 2.323584e-023
326000 1.332179e-022
327000 6.937952e-023
328000 4.787534e-023
329000 1.824610e-022
330000 1.417167e-022
331000 1.250112e-022
332000 1.357648e-023
333000 5.606129e-023
334000 2.130743e-022
335000 5.874127e-023
336000 7.321716e-023
337000 8.646714e-023
338000 3.139388e-023
339000 2.165137e-023
340000 1.901380e-022
341000 2.284603e-022
342000 1.096809e-022
343000 2.330969e-022
344000 4.980429e-023
345000 8.403941e-023
346000 7.472382e-023
347000 1.870346e-022
348000 1.983159e-022
349000 9.196359e-023
350000 4.808400e-023
351000 6.629043e-023
352000 1.320774e-022
353000 1.315997e-022
354000 6.878400e-023
355000 1.384101e-023
356000 9.921194e-023
357000 1.217618e-023
358000 1.909001e-022
359000 2.855220e-023
360000 3.422606e-022
361000 1.194660e-022
362000 1.245678e-023
363000 7.245751e-022
364000 2.222260e-023
365000 1.519736e-022
366000 6.134949e-023
367000 2.796300e-022
368000 2.598285e-023
369000 1.484774e-023
370000 5.817945e-023
371000 4.893322e-022
372000 7.703195e-023
373000 7.725401e-023
374000 3.275550e-022
375000 1.290906e-022
376000 2.242580e-022
377000 1.098764e-022
378000 2.380994e-022
379000 2.687882e-022
380000 1.960172e-023
381000 3.486590e-022
382000 2.208486e-022
383000 2.108072e-022
384000 1.859943e-022
385000 4.813750e-023
386000 3.366164e-023
387000 1.073166e-022
388000 1.449344e-022
389000 3.851702e-023
390000 4.367585e-023
391000 1.717883e-023
392000 2.337944e-022
393000 2.428769e-022
394000 4.236037e-023
395000 1.433264e-024
396000 1.393487e-022
397000 9.517634e-022
398000 7.629427e-023
399000 4.444553e-024
400000 4.051768e-023
401000 3.249193e-022
402000 1.344207e-022
403000 1.301370e-022
404000 1.673218e-023
405000 1.410481e-022
406000 3.406893e-022
407000 1.286336e-022
408000 2.096453e-023
409000 1.048998e-023
410000 6.350717e-024
411000 2.371483e-022
412000 2.364513e-022
413000 5.836858e-023
414000 2.760394e-022
415000 1.302686e-023
416000 2.561033e-022
417000 3.760240e-022
418000 9.112899e-023
419000 1.394249e-022
420000 2.014898e-022
421000 9.894443e-023
422000 6.176949e-023
423000 1.325095e-024
424000 7.769650e-023
425000 1.199011e-022
426000 2.331195e-023
427000 1.444308e-022
428000 1.023002e-022
429000 5.021669e-023
430000 2.266581e-023
431000 2.947708e-023
432000 6.471566e-023
433000 4.087740e-023
434000 8.370202e-023
435000 3.256393e-022
436000 3.045802e-023
437000 4.204548e-022
438000 1.820499e-023
439000 1.563270e-022
440000 2.420923e-022
441000 4.523825e-022
442000 1.157620e-022
443000 1.045320e-022
444000 1.013473e-022
445000 1.919101e-022
446000 7.586502e-024
447000 8.587526e-023
448000 6.112578e-023
449000 1.780975e-022
450000 2.108330e-022
451000 8.894426e-023
452000 3.134716e-024
453000 2.696613e-022
454000 2.529725e-023
455000 9.636519e-024
456000 2.329100e-022
457000 1.133188e-022
458000 3.608020e-022
459000 2.766936e-022
460000 4.985675e-023
461000 6.338549e-023
462000 6.017792e-023
463000 9.389291e-023
464000 7.818688e-023
465000 7.615298e-023
466000 5.061671e-022
467000 2.129504e-022
468000 7.145605e-023
469000 9.013378e-023
470000 2.668807e-023
471000 7.813721e-023
472000 7.223127e-023
473000 5.362785e-023
474000 4.757084e-023
475000 8.382514e-023
476000 2.789833e-023
477000 4.893843e-022
478000 2.347616e-022
479000 2.168910e-023
480000 3.638019e-022
481000 4.288268e-023
482000 3.779958e-023
483000 2.025562e-023
484000 3.931769e-022
485000 2.332576e-023
486000 1.041916e-022
487000 1.340730e-022
488000 1.103433e-022
489000 1.716330e-023
490000 2.154796e-022
491000 1.042125e-023
492000 1.697035e-023
493000 3.845424e-023
494000 9.530824e-023
495000 1.284205e-022
496000 9.497599e-023
497000 6.656614e-023
498000 1.694501e-022
499000 9.747748e-023
500000 3.219710e-023
501000 1.741899e-022
502000 5.035008e-022
503000 1.023610e-022
504000 1.592836e-022
505000 7.743404e-023
506000 2.063339e-022
507000 1.800015e-023
508000 3.510988e-023
509000 1.974626e-022
510000 4.654246e-022
511000 3.038597e-023
512000 2.364387e-023
513000 4.446030e-022
514000 1.105120e-022
515000 6.803561e-023
516000 3.847036e-023
517000 1.089075e-023
518000 2.012581e-023
519000 1.195747e-023
520000 2.063996e-024
521000 8.616761e-024
522000 3.061594e-022
523000 1.178596e-022
524000 1.040709e-022
525000 2.113190e-023
526000 1.753309e-022
527000 1.263153e-022
528000 9.196612e-023
529000 3.964503e-023
530000 1.120335e-022
531000 6.657014e-023
532000 5.549293e-023
533000 1.699781e-022
534000 3.329455e-022
535000 2.143959e-022
536000 8.344695e-023
537000 6.115589e-022
538000 9.505127e-023
539000 1.849976e-023
540000 6.498990e-023
541000 2.011128e-022
542000 3.197199e-022
543000 8.433522e-023
544000 2.139488e-023
545000 1.548340e-022
546000 9.881284e-023
547000 2.557306e-022
548000 1.299711e-023
549000 1.296801e-022
550000 2.590084e-022
551000 1.355741e-022
552000 6.241818e-023
553000 4.542713e-022
554000 8.855550e-024
555000 7.340603e-023
556000 2.339393e-022
557000 7.505208e-023
558000 2.124005e-023
559000 4.241777e-026
560000 5.352124e-023
561000 9.724394e-023
562000 1.715470e-022
563000 2.629160e-022
564000 2.567905e-022
565000 5.346041e-023
566000 1.801347e-022
567000 3.972107e-023
568000 1.225302e-022
569000 1.520429e-022
570000 1.649912e-022
571000 4.316139e-023
572000 3.448181e-023
573000 1.747555e-022
574000 9.592715e-023
575000 5.085081e-023
576000 1.420568e-022
577000 8.716513e-023
578000 2.109154e-023
579000 2.301800e-024
580000 7.357266e-024
581000 5.888213e-023
582000 3.347521e-023
583000 1.721470e-022
584000 4.725520e-022
585000 1.349048e-022
586000 4.402497e-023
587000 7.588411e-023
588000 1.157083e-022
589000 3.779316e-023
590000 1.399765e-022
591000 2.472360e-023
592000 4.435333e-023
593000 4.364336e-023
594000 3.547286e-022
595000 3.620090e-022
596000 3.943113e-023
597000 4.438884e-023
598000 1.898315e-022
599000 9.375814e-023
600000 2.274292e-022
601000 6.005836e-023
602000 3.312768e-023
603000 3.583909e-024
604000 4.562818e-023
605000 1.425932e-022
606000 1.057849e-022
607000 8.155865e-023
608000 1.407341e-022
609000 1.103617e-022
610000 5.603803e-022
611000 4.783906e-023
612000 3.060859e-022
613000 5.894497e-023
614000 3.484791e-023
615000 5.802819e-024
616000 7.465467e-023
617000 9.487475e-023
618000 9.774056e-023
619000 1.409349e-023
620000 4.316801e-023
621000 2.582891e-022
622000 8.764490e-023
623000 3.902238e-023
624000 4.785967e-023
625000 1.152737e-022
626000 7.700705e-023
627000 1.372608e-022
628000 1.201722e-022
629000 1.220645e-022
630000 3.216692e-022
631000 2.392129e-024
632000 4.820819e-022
633000 3.302857e-022
634000 1.314734e-022
635000 3.911844e-022
636000 1.227838e-022
637000 2.830239e-022
638000 1.328698e-022
639000 6.018079e-023
640000 2.225468e-023
641000 2.088381e-022
642000 2.010988e-022
643000 1.068077e-022
644000 1.329145e-022
645000 2.525519e-022
646000 8.882254e-024
647000 1.183974e-022
648000 8.805488e-023
649000 5.353380e-023
650000 6.744802e-022
651000 3.860895e-023
652000 1.357791e-022
653000 1.403560e-023
654000 1.803428e-023
655000 1.812870e-022
656000 1.086637e-022
657000 7.545420e-023
658000 4.102368e-023
659000 2.648819e-022
660000 6.679233e-023
661000 1.064970e-023
662000 8.701724e-023
663000 7.233862e-022
664000 5.773004e-023
665000 1.082056e-023
666000 2.140402e-023
667000 1.543884e-022
668000 6.408639e-023
669000 2.714357e-022
670000 1.830970e-022
671000 2.343935e-023
672000 2.523654e-022
673000 5.305744e-023
674000 4.330970e-022
675000 3.941161e-023
676000 4.226297e-023
677000 2.174969e-022
678000 3.764759e-022
679000 3.173120e-023
680000 8.149540e-023
681000 4.148863e-023
682000 1.485019e-022
683000 2.160755e-022
684000 2.014900e-022
685000 2.416116e-022
686000 6.997111e-023
687000 1.393806e-022
688000 4.856484e-023
689000 1.998310e-022
690000 1.728938e-025
691000 3.340811e-022
692000 1.146284e-022
693000 8.798606e-023
694000 2.279933e-022
695000 3.744926e-022
696000 1.629774e-023
697000 7.563458e-023
698000 4.312985e-023
699000 1.526622e-023
700000 8.172427e-023
701000 8.327366e-023
702000 3.694487e-023
703000 6.715654e-024
704000 3.720802e-022
705000 1.811498e-023
706000 1.627366e-022
707000 2.414949e-022
708000 1.537272e-023
709000 8.335343e-023
710000 1.727620e-022
711000 5.463300e-023
712000 5.287033e-023
713000 1.003908e-022
714000 1.298538e-022
715000 2.818079e-023
716000 1.242263e-022
717000 1.425102e-022
718000 9.558439e-023
719000 1.427883e-022
720000 1.857159e-022
721000 4.403878e-023
722000 4.700797e-023
723000 3.604524e-023
724000 1.710006e-023
725000 5.160731e-023
726000 1.900407e-022
727000 5.972929e-023
728000 1.601596e-022
729000 1.624984e-022
730000 7.572294e-023
731000 1.458177e-022
732000 4.142514e-023
733000 9.368716e-024
734000 6.169389e-023
735000 2.015595e-022
736000 2.012113e-022
737000 1.571144e-022
738000 8.378775e-023
739000 2.220277e-023
740000 4.220851e-022
741000 1.538676e-022
742000 6.307048e-023
743000 7.687130e-023
744000 3.808059e-024
745000 3.377180e-022
746000 2.153377e-022
747000 1.981697e-022
748000 1.129318e-022
749000 3.107468e-023
750000 3.818055e-023
751000 1.746347e-022
752000 1.009231e-022
753000 1.550359e-022
754000 1.960621e-022
755000 5.056989e-023
756000 1.519004e-022
757000 1.797157e-022
758000 8.018133e-024
759000 8.745053e-023
760000 1.943008e-022
761000 3.831822e-023
762000 1.631147e-022
763000 2.253429e-022
764000 6.912136e-023
765000 4.231555e-022
766000 3.405916e-023
767000 1.283844e-022
768000 4.648540e-023
769000 2.164190e-022
770000 2.051665e-023
771000 3.489901e-023
772000 2.921323e-022
773000 1.046899e-023
774000 5.143064e-023
775000 1.220587e-022
776000 1.209299e-022
777000 1.255167e-022
778000 9.094235e-023
779000 2.288508e-022
780000 3.256074e-022
781000 6.454693e-022
782000 6.297754e-023
783000 4.422346e-023
784000 2.255820e-023
785000 1.028073e-022
786000 8.301596e-023
787000 2.629881e-022
788000 1.372840e-022
789000 1.655587e-024
790000 2.823862e-022
791000 5.747655e-023
792000 1.237805e-022
793000 8.486780e-024
794000 7.055711e-024
795000 1.689140e-022
796000 2.719852e-024
797000 1.079390e-022
798000 1.177390e-023
799000 7.723198e-024
800000 3.917843e-023
801000 2.592339e-023
802000 3.355634e-023
803000 1.789250e-022
804000 2.998629e-023
805000 2.427163e-022
806000 4.885626e-023
807000 8.674847e-023
808000 2.919745e-023
809000 3.079832e-022
810000 9.349170e-023
811000 5.877829e-022
812000 2.257523e-023
813000 4.576286e-023
814000 1.918500e-023
815000 1.079319e-022
816000 1.874505e-022
817000 1.315095e-022
818000 2.116200e-022
819000 3.081270e-022
820000 4.126406e-022
821000 1.010558e-022
822000 4.346786e-023
823000 4.635614e-023
824000 4.115934e-023
825000 3.717714e-022
826000 3.709978e-022
827000 5.584440e-024
828000 8.828540e-023
829000 2.375930e-023
830000 1.790617e-022
831000 2.694089e-022
832000 1.596452e-022
833000 2.832462e-023
834000 3.594495e-022
835000 4.038405e-024
836000 2.467362e-022
837000 6.345071e-023
838000 3.963709e-023
839000 3.414496e-023
840000 1.352948e-022
841000 1.714900e-022
842000 5.848644e-023
843000 4.257164e-023
844000 8.420838e-023
845000 2.871134e-023
846000 1.321522e-024
847000 3.165213e-022
848000 3.730050e-022
849000 1.098731e-022
850000 1.049924e-022
851000 6.265111e-023
852000 9.719016e-023
853000 2.196284e-022
854000 2.470060e-023
855000 2.075043e-023
856000 1.208262e-022
857000 1.807427e-022
858000 9.808846e-024
859000 5.646560e-022
860000 4.970350e-023
861000 4.070943e-022
862000 4.429162e-023
863000 4.104782e-023
864000 9.738331e-022
865000 6.310989e-023
866000 9.543689e-023
867000 1.652820e-022
868000 7.231711e-023
869000 5.733288e-023
870000 2.134357e-023
871000 6.032358e-023
872000 2.047129e-022
873000 6.298419e-022
874000 9.161544e-023
875000 1.710669e-022
876000 4.332316e-022
877000 2.460755e-022
878000 1.053404e-023
879000 2.527685e-022
880000 1.097322e-022
881000 7.277356e-023
882000 3.501767e-023
883000 7.155676e-023
884000 1.071148e-023
885000 3.069812e-022
886000 4.241407e-022
887000 1.379362e-022
888000 8.745884e-023
889000 1.268823e-022
890000 2.040922e-022
891000 2.081577e-022
892000 9.911804e-024
893000 2.449373e-023
894000 1.797093e-022
895000 5.008734e-022
896000 2.837640e-022
897000 3.713927e-023
898000 1.217255e-023
899000 5.784222e-022
900000 1.039077e-022
901000 4.713452e-023
902000 8.929430e-023
903000 1.527344e-023
904000 1.041545e-023
905000 1.129619e-022
906000 4.753260e-022
907000 2.146950e-022
908000 4.543482e-022
909000 1.090763e-022
910000 1.211968e-022
911000 1.425160e-022
912000 7.321867e-023
913000 1.169719e-023
914000 2.063672e-022
915000 2.883549e-023
916000 8.418588e-025
917000 2.873451e-022
918000 1.416242e-022
919000 1.816818e-022
920000 1.047068e-021
921000 9.233963e-023
922000 4.505632e-024
923000 2.486211e-024
924000 7.027418e-023
925000 4.123301e-023
926000 1.275485e-022
927000 7.014429e-023
928000 6.035774e-023
929000 3.369317e-022
930000 2.633405e-022
931000 4.576752e-023
932000 4.190087e-024
933000 1.012249e-022
934000 5.281775e-023
935000 1.383872e-022
936000 1.423597e-022
937000 6.605613e-022
938000 8.545300e-023
939000 2.927957e-022
940000 4.902735e-023
941000 1.853124e-022
942000 1.220679e-023
943000 8.548894e-024
944000 8.899267e-023
945000 7.340186e-023
946000 3.073510e-022
947000 6.879696e-023
948000 2.232466e-022
949000 6.168600e-022
950000 1.404609e-023
951000 1.910298e-023
952000 2.301288e-023
953000 2.038177e-023
954000 4.478335e-023
955000 1.029673e-022
956000 7.611715e-023
957000 7.558612e-024
958000 1.177165e-022
959000 1.013579e-022
960000 6.170312e-023
961000 1.383864e-022
962000 7.662620e-023
963000 6.347244e-023
964000 1.435413e-022
965000 7.519349e-023
966000 1.785651e-022
967000 1.011945e-022
968000 1.875922e-023
969000 3.015785e-022
970000 1.362094e-022
971000 2.538152e-022
972000 1.403956e-022
973000 5.224052e-023
974000 7.913664e-023
975000 1.194799e-022
976000 1.393605e-022
977000 2.591596e-023
978000 3.537387e-023
979000 2.621435e-022
980000 6.012195e-022
981000 4.182380e-023
982000 4.776124e-023
983000 1.976533e-022
984000 4.144226e-022
985000 8.148868e-024
986000 7.186464e-022
987000 4.493279e-023
988000 3.261416e-022
989000 2.033001e-022
990000 5.469314e-023
991000 1.578957e-022
992000 2.206365e-022
993000 3.686095e-023
994000 1.084581e-022
995000 1.722641e-024
996000 2.639787e-022
997000 2.095709e-023
998000 4.709599e-023
999000 8.853921e-023
