0 6.848165e-019
1000 6.846914e-019
2000 6.847660e-019
3000 6.847591e-019
4000 6.846884e-019
5000 6.846044e-019
6000 6.846209e-019
7000 6.848116e-019
8000 6.847676e-019
9000 6.847299e-019
10000 6.844291e-019
11000 6.846434e-019
12000 6.845551e-019
13000 6.844822e-019
14000 6.847869e-019
15000 6.846841e-019
16000 6.845079e-019
17000 6.847099e-019
18000 6.846385e-019
19000 6.847882e-019
20000 6.847932e-019
21000 6.846872e-019
22000 6.848154e-019
23000 6.844885e-019
24000 6.847560e-019
25000 6.839372e-019
26000 6.844334e-019
27000 6.847006e-019
28000 6.847279e-019
29000 6.843062e-019
30000 6.847764e-019
31000 6.847660e-019
32000 6.847851e-019
33000 6.847850e-019
34000 6.847016e-019
35000 6.847246e-019
36000 6.848018e-019
37000 6.844851e-019
38000 6.847628e-019
39000 6.846764e-019
40000 6.846804e-019
41000 6.847720e-019
42000 6.846787e-019
43000 6.844592e-019
44000 6.847710e-019
45000 6.846279e-019
46000 6.847756e-019
47000 6.847621e-019
48000 6.846925e-019
49000 6.847892e-019
50000 6.848140e-019
51000 6.845760e-019
52000 6.846984e-019
53000 6.848156e-019
54000 6.847872e-019
55000 6.847762e-019
56000 6.844231e-019
57000 6.843717e-019
58000 6.847480e-019
59000 6.847885e-019
60000 6.844674e-019
61000 6.847357e-019
62000 6.846998e-019
63000 6.847407e-019
64000 6.847471e-019
65000 6.847155e-019
66000 6.846896e-019
67000 6.845429e-019
68000 6.848039e-019
69000 6.847814e-019
70000 6.847328e-019
71000 6.846526e-019
72000 6.847819e-019
73000 6.846947e-019
74000 6.845675e-019
75000 6.847966e-019
76000 6.847431e-019
77000 6.846962e-019
78000 6.847985e-019
79000 6.847825e-019
80000 6.847023e-019
81000 6.843234e-019
82000 6.846943e-019
83000 6.847932e-019
84000 6.846127e-019
85000 6.846578e-019
86000 6.845352e-019
87000 6.847030e-019
88000 6.844859e-019
89000 6.847619e-019
90000 6.847948e-019
91000 6.846621e-019
92000 6.847004e-019
93000 6.847086e-019
94000 6.844518e-019
95000 6.847677e-019
96000 6.846325e-019
97000 6.848033e-019
98000 6.846781e-019
99000 6.848135e-019
100000 6.847598e-019
101000 6.846972e-019
102000 6.846481e-019
103000 6.847005e-019
104000 6.848163e-019
105000 6.845962e-019
106000 6.848094e-019
107000 6.847822e-019
108000 6.847342e-019
109000 6.846015e-019
110000 6.848026e-019
111000 6.847984e-019
112000 6.844517e-019
113000 6.846750e-019
114000 6.847038e-019
115000 6.847056e-019
116000 6.845707e-019
117000 6.841549e-019
118000 6.847923e-019
119000 6.847579e-019
120000 6.848114e-019
121000 6.846545e-019
122000 6.847432e-019
123000 6.846417e-019
124000 6.846805e-019
125000 6.845839e-019
126000 6.847896e-019
127000 6.845993e-019
128000 6.840824e-019
129000 6.845467e-019
130000 6.845318e-019
131000 6.845675e-019
132000 6.846092e-019
133000 6.845946e-019
134000 6.848080e-019
135000 6.847950e-019
136000 6.846410e-019
137000 6.847687e-019
138000 6.847725e-019
139000 6.847807e-019
140000 6.847703e-019
141000 6.847433e-019
142000 6.847825e-019
143000 6.847214e-019
144000 6.844948e-019
145000 6.847484e-019
146000 6.846003e-019
147000 6.847647e-019
148000 6.847067e-019
149000 6.848118e-019
150000 6.844640e-019
151000 6.847676e-019
152000 6.844540e-019
153000 6.847782e-019
154000 6.846710e-019
155000 6.846687e-019
156000 6.848076e-019
157000 6.847418e-019
158000 6.847298e-019
159000 6.847688e-019
160000 6.842058e-019
161000 6.847602e-019
162000 6.847383e-019
163000 6.844330e-019
164000 6.847375e-019
165000 6.847620e-019
166000 6.846563e-019
167000 6.847800e-019
168000 6.846214e-019
169000 6.845745e-019
170000 6.846623e-019
171000 6.847800e-019
172000 6.846247e-019
173000 6.847912e-019
174000 6.845521e-019
175000 6.847939e-019
176000 6.847982e-019
177000 6.848044e-019
178000 6.846764e-019
179000 6.846587e-019
180000 6.847513e-019
181000 6.848008e-019
182000 6.847894e-019
183000 6.847995e-019
184000 6.846106e-019
185000 6.847608e-019
186000 6.846734e-019
187000 6.847779e-019
188000 6.847719e-019
189000 6.847163e-019
190000 6.846136e-019
191000 6.846647e-019
192000 6.846983e-019
193000 6.847719e-019
194000 6.847209e-019
195000 6.847749e-019
196000 6.847814e-019
197000 6.847916e-019
198000 6.847630e-019
199000 6.847543e-019
200000 6.845986e-019
201000 6.847564e-019
202000 6.846902e-019
203000 6.846340e-019
204000 6.843614e-019
205000 6.845498e-019
206000 6.846500e-019
207000 6.847446e-019
208000 6.848141e-019
209000 6.845992e-019
210000 6.843519e-019
211000 6.847563e-019
212000 6.846000e-019
213000 6.846219e-019
214000 6.844933e-019
215000 6.846712e-019
216000 6.843037e-019
217000 6.848008e-019
218000 6.845959e-019
219000 6.845801e-019
220000 6.847712e-019
221000 6.845250e-019
222000 6.845951e-019
223000 6.845712e-019
224000 6.846368e-019
225000 6.846718e-019
226000 6.847419e-019
227000 6.846783e-019
228000 6.847709e-019
229000 6.847047e-019
230000 6.847298e-019
231000 6.844652e-019
232000 6.843857e-019
233000 6.847567e-019
234000 6.847474e-019
235000 6.847111e-019
236000 6.847214e-019
237000 6.845952e-019
238000 6.848030e-019
239000 6.846854e-019
240000 6.848011e-019
241000 6.847379e-019
242000 6.846715e-019
243000 6.848162e-019
244000 6.846931e-019
245000 6.847548e-019
246000 6.846834e-019
247000 6.844697e-019
248000 6.847854e-019
249000 6.844467e-019
250000 6.846808e-019
251000 6.847106e-019
252000 6.842722e-019
253000 6.846766e-019
254000 6.847999e-019
255000 6.847689e-019
256000 6.847994e-019
257000 6.846805e-019
258000 6.846888e-019
259000 6.846673e-019
260000 6.846904e-019
261000 6.848004e-019
262000 6.847995e-019
263000 6.847539e-019
264000 6.848056e-019
265000 6.846377e-019
266000 6.847632e-019
267000 6.847185e-019
268000 6.848042e-019
269000 6.847829e-019
270000 6.847465e-019
271000 6.847689e-019
272000 6.845859e-019
273000 6.847768e-019
274000 6.844964e-019
275000 6.847434e-019
276000 6.847605e-019
277000 6.845205e-019
278000 6.847840e-019
279000 6.846679e-019
280000 6.848086e-019
281000 6.848034e-019
282000 6.847345e-019
283000 6.848034e-019
284000 6.846661e-019
285000 6.842151e-019
286000 6.847431e-019
287000 6.848078e-019
288000 6.847708e-019
289000 6.847906e-019
290000 6.844769e-019
291000 6.846659e-019
292000 6.847263e-019
293000 6.848164e-019
294000 6.846213e-019
295000 6.847571e-019
296000 6.845379e-019
297000 6.847928e-019
298000 6.845449e-019
299000 6.845883e-019
300000 6.847933e-019
301000 6.847835e-019
302000 6.847775e-019
303000 6.843989e-019
304000 6.844618e-019
305000 6.846045e-019
306000 6.845616e-019
307000 6.847283e-019
308000 6.847950e-019
309000 6.845384e-019
310000 6.847384e-019
311000 6.847557e-019
312000 6.844543e-019
313000 6.847009e-019
314000 6.847885e-019
315000 6.846094e-019
316000 6.843249e-019
317000 6.845981e-019
318000 6.846573e-019
319000 6.847213e-019
320000 6.845328e-019
321000 6.847631e-019
322000 6.847554e-019
323000 6.846617e-019
324000 6.844025e-019
325000 6.847933e-019
326000 6.846833e-019
327000 6.847471e-019
328000 6.847686e-019
329000 6.846341e-019
330000 6.846748e-019
331000 6.846915e-019
332000 6.848029e-019
333000 6.847605e-019
334000 6.846035e-019
335000 6.847578e-019
336000 6.847433e-019
337000 6.847301e-019
338000 6.847851e-019
339000 6.847949e-019
340000 6.846264e-019
341000 6.845881e-019
342000 6.847068e-019
343000 6.845834e-019
344000 6.847667e-019
345000 6.847325e-019
346000 6.847418e-019
347000 6.846295e-019
348000 6.846182e-019
349000 6.847246e-019
350000 6.847684e-019
351000 6.847502e-019
352000 6.846844e-019
353000 6.846849e-019
354000 6.847477e-019
355000 6.848027e-019
356000 6.847173e-019
357000 6.848043e-019
358000 6.846256e-019
359000 6.847880e-019
360000 6.844743e-019
361000 6.846971e-019
362000 6.848041e-019
363000 6.840920e-019
364000 6.847943e-019
365000 6.846646e-019
366000 6.847552e-019
367000 6.845369e-019
368000 6.847905e-019
369000 6.848017e-019
370000 6.847583e-019
371000 6.843272e-019
372000 6.847395e-019
373000 6.847393e-019
374000 6.844890e-019
375000 6.846874e-019
376000 6.845923e-019
377000 6.847066e-019
378000 6.845784e-019
379000 6.845477e-019
380000 6.847969e-019
381000 6.844679e-019
382000 6.845957e-019
383000 6.846057e-019
384000 6.846305e-019
385000 6.847684e-019
386000 6.847829e-019
387000 6.847092e-019
388000 6.846716e-019
389000 6.847780e-019
390000 6.847728e-019
391000 6.847993e-019
392000 6.845827e-019
393000 6.845736e-019
394000 6.847742e-019
395000 6.848151e-019
396000 6.846772e-019
397000 6.838648e-019
398000 6.847402e-019
399000 6.848121e-019
400000 6.847760e-019
401000 6.844916e-019
402000 6.846821e-019
403000 6.846864e-019
404000 6.847998e-019
405000 6.846755e-019
406000 6.844758e-019
407000 6.846879e-019
408000 6.847956e-019
409000 6.848060e-019
410000 6.848102e-019
411000 6.845794e-019
412000 6.845801e-019
413000 6.847582e-019
414000 6.845405e-019
415000 6.848035e-019
416000 6.845604e-019
417000 6.844405e-019
418000 6.847254e-019
419000 6.846771e-019
420000 6.846150e-019
421000 6.847176e-019
422000 6.847548e-019
423000 6.848152e-019
424000 6.847388e-019
425000 6.846966e-019
426000 6.847932e-019
427000 6.846721e-019
428000 6.847142e-019
429000 6.847663e-019
430000 6.847939e-019
431000 6.847870e-019
432000 6.847518e-019
433000 6.847756e-019
434000 6.847328e-019
435000 6.844909e-019
436000 6.847861e-019
437000 6.843961e-019
438000 6.847983e-019
439000 6.846602e-019
440000 6.845744e-019
441000 6.843641e-019
442000 6.847008e-019
443000 6.847120e-019
444000 6.847152e-019
445000 6.846246e-019
446000 6.848089e-019
447000 6.847306e-019
448000 6.847554e-019
449000 6.846384e-019
450000 6.846057e-019
451000 6.847276e-019
452000 6.848134e-019
453000 6.845469e-019
454000 6.847912e-019
455000 6.848069e-019
456000 6.845836e-019
457000 6.847032e-019
458000 6.844557e-019
459000 6.845398e-019
460000 6.847667e-019
461000 6.847531e-019
462000 6.847563e-019
463000 6.847226e-019
464000 6.847383e-019
465000 6.847404e-019
466000 6.843104e-019
467000 6.846036e-019
468000 6.847451e-019
469000 6.847264e-019
470000 6.847898e-019
471000 6.847384e-019
472000 6.847443e-019
473000 6.847629e-019
474000 6.847690e-019
475000 6.847327e-019
476000 6.847886e-019
477000 6.843271e-019
478000 6.845818e-019
479000 6.847948e-019
480000 6.844527e-019
481000 6.847736e-019
482000 6.847787e-019
483000 6.847963e-019
484000 6.844233e-019
485000 6.847932e-019
486000 6.847123e-019
487000 6.846825e-019
488000 6.847062e-019
489000 6.847994e-019
490000 6.846010e-019
491000 6.848061e-019
492000 6.847996e-019
493000 6.847781e-019
494000 6.847212e-019
495000 6.846881e-019
496000 6.847215e-019
497000 6.847500e-019
498000 6.846471e-019
499000 6.847190e-019
500000 6.847843e-019
501000 6.846423e-019
502000 6.843130e-019
503000 6.847142e-019
504000 6.846572e-019
505000 6.847391e-019
506000 6.846102e-019
507000 6.847985e-019
508000 6.847814e-019
509000 6.846191e-019
510000 6.843511e-019
511000 6.847861e-019
512000 6.847929e-019
513000 6.843719e-019
514000 6.847060e-019
515000 6.847485e-019
516000 6.847781e-019
517000 6.848056e-019
518000 6.847964e-019
519000 6.848046e-019
520000 6.848145e-019
521000 6.848079e-019
522000 6.845104e-019
523000 6.846987e-019
524000 6.847125e-019
525000 6.847954e-019
526000 6.846412e-019
527000 6.846902e-019
528000 6.847246e-019
529000 6.847769e-019
530000 6.847045e-019
531000 6.847500e-019
532000 6.847610e-019
533000 6.846465e-019
534000 6.844836e-019
535000 6.846021e-019
536000 6.847331e-019
537000 6.842050e-019
538000 6.847215e-019
539000 6.847980e-019
540000 6.847515e-019
541000 6.846154e-019
542000 6.844968e-019
543000 6.847322e-019
544000 6.847951e-019
545000 6.846617e-019
546000 6.847177e-019
547000 6.845608e-019
548000 6.848035e-019
549000 6.846868e-019
550000 6.845575e-019
551000 6.846810e-019
552000 6.847541e-019
553000 6.843623e-019
554000 6.848077e-019
555000 6.847431e-019
556000 6.845826e-019
557000 6.847415e-019
558000 6.847953e-019
559000 6.848165e-019
560000 6.847630e-019
561000 6.847193e-019
562000 6.846450e-019
563000 6.845536e-019
564000 6.845597e-019
565000 6.847631e-019
566000 6.846364e-019
567000 6.847768e-019
568000 6.846940e-019
569000 6.846645e-019
570000 6.846515e-019
571000 6.847734e-019
572000 6.847820e-019
573000 6.846418e-019
574000 6.847206e-019
575000 6.847657e-019
576000 6.846745e-019
577000 6.847294e-019
578000 6.847954e-019
579000 6.848142e-019
580000 6.848092e-019
581000 6.847576e-019
582000 6.847831e-019
583000 6.846444e-019
584000 6.843440e-019
585000 6.846816e-019
586000 6.847725e-019
587000 6.847406e-019
588000 6.847008e-019
589000 6.847787e-019
590000 6.846765e-019
591000 6.847918e-019
592000 6.847722e-019
593000 6.847729e-019
594000 6.844618e-019
595000 6.844545e-019
596000 6.847771e-019
597000 6.847721e-019
598000 6.846267e-019
599000 6.847228e-019
600000 6.845891e-019
601000 6.847565e-019
602000 6.847834e-019
603000 6.848129e-019
604000 6.847709e-019
605000 6.846739e-019
606000 6.847107e-019
607000 6.847350e-019
608000 6.846758e-019
609000 6.847062e-019
610000 6.842561e-019
611000 6.847687e-019
612000 6.845104e-019
613000 6.847576e-019
614000 6.847817e-019
615000 6.848107e-019
616000 6.847419e-019
617000 6.847217e-019
618000 6.847188e-019
619000 6.848024e-019
620000 6.847734e-019
621000 6.845582e-019
622000 6.847289e-019
623000 6.847775e-019
624000 6.847687e-019
625000 6.847013e-019
626000 6.847395e-019
627000 6.846793e-019
628000 6.846964e-019
629000 6.846945e-019
630000 6.844949e-019
631000 6.848141e-019
632000 6.843344e-019
633000 6.844862e-019
634000 6.846851e-019
635000 6.844253e-019
636000 6.846937e-019
637000 6.845335e-019
638000 6.846837e-019
639000 6.847563e-019
640000 6.847943e-019
641000 6.846077e-019
642000 6.846154e-019
643000 6.847097e-019
644000 6.846836e-019
645000 6.845640e-019
646000 6.848076e-019
647000 6.846981e-019
648000 6.847285e-019
649000 6.847630e-019
650000 6.841420e-019
651000 6.847779e-019
652000 6.846807e-019
653000 6.848025e-019
654000 6.847985e-019
655000 6.846352e-019
656000 6.847079e-019
657000 6.847411e-019
658000 6.847755e-019
659000 6.845516e-019
660000 6.847497e-019
661000 6.848059e-019
662000 6.847295e-019
663000 6.840931e-019
664000 6.847588e-019
665000 6.848057e-019
666000 6.847951e-019
667000 6.846621e-019
668000 6.847524e-019
669000 6.845451e-019
670000 6.846334e-019
671000 6.847931e-019
672000 6.845642e-019
673000 6.847635e-019
674000 6.843834e-019
675000 6.847771e-019
676000 6.847743e-019
677000 6.845990e-019
678000 6.844400e-019
679000 6.847848e-019
680000 6.847350e-019
681000 6.847750e-019
682000 6.846680e-019
683000 6.846004e-019
684000 6.846150e-019
685000 6.845749e-019
686000 6.847466e-019
687000 6.846771e-019
688000 6.847680e-019
689000 6.846167e-019
690000 6.848164e-019
691000 6.844824e-019
692000 6.847019e-019
693000 6.847285e-019
694000 6.845885e-019
695000 6.844420e-019
696000 6.848002e-019
697000 6.847409e-019
698000 6.847734e-019
699000 6.848013e-019
700000 6.847348e-019
701000 6.847333e-019
702000 6.847796e-019
703000 6.848098e-019
704000 6.844444e-019
705000 6.847984e-019
706000 6.846538e-019
707000 6.845750e-019
708000 6.848012e-019
709000 6.847332e-019
710000 6.846438e-019
711000 6.847619e-019
712000 6.847637e-019
713000 6.847161e-019
714000 6.846867e-019
715000 6.847883e-019
716000 6.846923e-019
717000 6.846740e-019
718000 6.847209e-019
719000 6.846737e-019
720000 6.846308e-019
721000 6.847725e-019
722000 6.847695e-019
723000 6.847805e-019
724000 6.847994e-019
725000 6.847649e-019
726000 6.846265e-019
727000 6.847568e-019
728000 6.846564e-019
729000 6.846540e-019
730000 6.847408e-019
731000 6.846707e-019
732000 6.847751e-019
733000 6.848072e-019
734000 6.847548e-019
735000 6.846150e-019
736000 6.846153e-019
737000 6.846594e-019
738000 6.847327e-019
739000 6.847943e-019
740000 6.843944e-019
741000 6.846627e-019
742000 6.847535e-019
743000 6.847397e-019
744000 6.848127e-019
745000 6.844788e-019
746000 6.846012e-019
747000 6.846184e-019
748000 6.847036e-019
749000 6.847855e-019
750000 6.847783e-019
751000 6.846419e-019
752000 6.847156e-019
753000 6.846615e-019
754000 6.846205e-019
755000 6.847660e-019
756000 6.846646e-019
757000 6.846368e-019
758000 6.848085e-019
759000 6.847291e-019
760000 6.846222e-019
761000 6.847782e-019
762000 6.846534e-019
763000 6.845912e-019
764000 6.847474e-019
765000 6.843934e-019
766000 6.847825e-019
767000 6.846881e-019
768000 6.847700e-019
769000 6.846001e-019
770000 6.847960e-019
771000 6.847816e-019
772000 6.845244e-019
773000 6.848061e-019
774000 6.847651e-019
775000 6.846945e-019
776000 6.846956e-019
777000 6.846910e-019
778000 6.847256e-019
779000 6.845877e-019
780000 6.844909e-019
781000 6.841711e-019
782000 6.847535e-019
783000 6.847723e-019
784000 6.847940e-019
785000 6.847137e-019
786000 6.847335e-019
787000 6.845535e-019
788000 6.846792e-019
789000 6.848149e-019
790000 6.845341e-019
791000 6.847590e-019
792000 6.846927e-019
793000 6.848080e-019
794000 6.848095e-019
795000 6.846476e-019
796000 6.848138e-019
797000 6.847086e-019
798000 6.848048e-019
799000 6.848088e-019
800000 6.847773e-019
801000 6.847906e-019
802000 6.847830e-019
803000 6.846376e-019
804000 6.847865e-019
805000 6.845738e-019
806000 6.847677e-019
807000 6.847298e-019
808000 6.847873e-019
809000 6.845085e-019
810000 6.847230e-019
811000 6.842287e-019
812000 6.847940e-019
813000 6.847708e-019
814000 6.847973e-019
815000 6.847086e-019
816000 6.846291e-019
817000 6.846850e-019
818000 6.846049e-019
819000 6.845084e-019
820000 6.844039e-019
821000 6.847155e-019
822000 6.847731e-019
823000 6.847702e-019
824000 6.847754e-019
825000 6.844448e-019
826000 6.844455e-019
827000 6.848109e-019
828000 6.847282e-019
829000 6.847928e-019
830000 6.846375e-019
831000 6.845471e-019
832000 6.846569e-019
833000 6.847882e-019
834000 6.844571e-019
835000 6.848125e-019
836000 6.845698e-019
837000 6.847531e-019
838000 6.847769e-019
839000 6.847824e-019
840000 6.846812e-019
841000 6.846450e-019
842000 6.847580e-019
843000 6.847740e-019
844000 6.847323e-019
845000 6.847878e-019
846000 6.848152e-019
847000 6.845000e-019
848000 6.844435e-019
849000 6.847067e-019
850000 6.847115e-019
851000 6.847539e-019
852000 6.847193e-019
853000 6.845969e-019
854000 6.847918e-019
855000 6.847958e-019
856000 6.846957e-019
857000 6.846358e-019
858000 6.848067e-019
859000 6.842519e-019
860000 6.847668e-019
861000 6.844094e-019
862000 6.847722e-019
863000 6.847755e-019
864000 6.838427e-019
865000 6.847534e-019
866000 6.847211e-019
867000 6.846512e-019
868000 6.847442e-019
869000 6.847592e-019
870000 6.847952e-019
871000 6.847562e-019
872000 6.846118e-019
873000 6.841867e-019
874000 6.847249e-019
875000 6.846455e-019
876000 6.843833e-019
877000 6.845704e-019
878000 6.848060e-019
879000 6.845638e-019
880000 6.847068e-019
881000 6.847438e-019
882000 6.847815e-019
883000 6.847450e-019
884000 6.848058e-019
885000 6.845095e-019
886000 6.843924e-019
887000 6.846786e-019
888000 6.847291e-019
889000 6.846896e-019
890000 6.846124e-019
891000 6.846084e-019
892000 6.848066e-019
893000 6.847920e-019
894000 6.846368e-019
895000 6.843157e-019
896000 6.845328e-019
897000 6.847794e-019
898000 6.848044e-019
899000 6.842381e-019
900000 6.847126e-019
901000 6.847694e-019
902000 6.847272e-019
903000 6.848013e-019
904000 6.848061e-019
905000 6.847036e-019
906000 6.843412e-019
907000 6.846018e-019
908000 6.843622e-019
909000 6.847074e-019
910000 6.846953e-019
911000 6.846740e-019
912000 6.847433e-019
913000 6.848048e-019
914000 6.846102e-019
915000 6.847877e-019
916000 6.848157e-019
917000 6.845292e-019
918000 6.846749e-019
919000 6.846348e-019
920000 6.837695e-019
921000 6.847242e-019
922000 6.848120e-019
923000 6.848140e-019
924000 6.847463e-019
925000 6.847753e-019
926000 6.846890e-019
927000 6.847464e-019
928000 6.847562e-019
929000 6.844796e-019
930000 6.845532e-019
931000 6.847708e-019
932000 6.848123e-019
933000 6.847153e-019
934000 6.847637e-019
935000 6.846781e-019
936000 6.846742e-019
937000 6.841560e-019
938000 6.847311e-019
939000 6.845237e-019
940000 6.847675e-019
941000 6.846312e-019
942000 6.848043e-019
943000 6.848080e-019
944000 6.847275e-019
945000 6.847431e-019
946000 6.845092e-019
947000 6.847477e-019
948000 6.845933e-019
949000 6.841997e-019
950000 6.848025e-019
951000 6.847974e-019
952000 6.847935e-019
953000 6.847961e-019
954000 6.847717e-019
955000 6.847136e-019
956000 6.847404e-019
957000 6.848090e-019
958000 6.846988e-019
959000 6.847152e-019
960000 6.847548e-019
961000 6.846781e-019
962000 6.847399e-019
963000 6.847531e-019
964000 6.846730e-019
965000 6.847413e-019
966000 6.846380e-019
967000 6.847153e-019
968000 6.847978e-019
969000 6.845149e-019
970000 6.846803e-019
971000 6.845627e-019
972000 6.846761e-019
973000 6.847643e-019
974000 6.847374e-019
975000 6.846970e-019
976000 6.846772e-019
977000 6.847906e-019
978000 6.847812e-019
979000 6.845544e-019
980000 6.842153e-019
981000 6.847747e-019
982000 6.847688e-019
983000 6.846189e-019
984000 6.844021e-019
985000 6.848084e-019
986000 6.840979e-019
987000 6.847716e-019
988000 6.844904e-019
989000 6.846132e-019
990000 6.847618e-019
991000 6.846586e-019
992000 6.845959e-019
993000 6.847797e-019
994000 6.847081e-019
995000 6.848148e-019
996000 6.845525e-019
997000 6.847956e-019
998000 6.847694e-019
999000 6.847280e-019
