-0.063391 0.489702 -0.869582
0.294480 0.214519 0.931270
0.903411 0.402205 -0.148592
-0.690424 0.389515 0.609584
-0.694301 -0.054752 -0.717599
0.726197 0.028278 -0.686905
0.453629 0.373265 -0.809255
-0.098581 -0.515220 0.851370
-0.236008 -0.076071 0.968769
-0.925015 -0.366575 0.099846
0.058647 -0.992750 0.104919
0.663417 0.413813 -0.623407
0.390879 -0.827657 0.402738
-0.581025 0.083881 0.809552
0.984159 -0.116411 0.133715
0.698112 0.279375 -0.659233
-0.024974 0.963600 0.266180
0.878805 0.356768 -0.316889
-0.927189 -0.372123 0.042949
-0.874987 0.457149 -0.159414
-0.429219 -0.532963 0.729192
-0.384666 -0.798156 -0.463658
0.676377 -0.222627 -0.702105
-0.885835 0.370613 -0.279181
-0.886120 -0.418161 -0.199833
0.696215 -0.408020 -0.590596
0.981100 0.117517 -0.153726
0.703763 -0.633105 0.322329
-0.550323 0.566593 -0.613284
-0.441731 -0.718494 0.537252
0.012252 -0.912391 -0.409137
0.463203 0.808286 -0.363478
0.032949 -0.212990 -0.976499
0.292164 -0.956256 -0.014664
-0.781401 0.425958 -0.456039
-0.760234 0.112409 -0.639851
0.476279 -0.878933 0.025182
-0.553416 -0.338132 -0.761181
-0.476040 -0.301690 0.826056
-0.866597 0.169524 -0.469330
0.052789 -0.998198 -0.028519
-0.643371 -0.355008 0.678264
0.031565 0.911625 -0.409809
0.459797 0.822063 0.335855
-0.511629 -0.472881 0.717370
0.315261 0.446695 0.837302
0.207235 -0.823459 0.528174
-0.020441 -0.222012 -0.974830
-0.511132 -0.858620 0.038941
0.826343 -0.290458 0.482485
0.299430 -0.383499 -0.873653
-0.860569 0.060220 0.505762
-0.678270 -0.653602 0.335788
0.483943 -0.773920 -0.408469
0.467085 0.190706 0.863402
0.436521 -0.394412 -0.808634
-0.643518 -0.276857 -0.713607
-0.204072 0.890658 0.406305
0.031966 0.642506 0.765613
0.155688 -0.928983 -0.335785
-0.758135 0.463679 0.458511
0.217897 0.957454 0.189216
0.378562 0.913494 0.149064
0.470527 -0.565391 -0.677449
0.597425 -0.794699 0.107411
-0.594897 -0.312481 -0.740576
0.010620 0.508598 -0.860939
0.809239 -0.551480 0.202489
0.509420 -0.388165 -0.767997
-0.330432 0.902171 0.277312
0.457522 -0.408651 0.789733
0.215819 -0.183018 -0.959128
-0.725305 -0.685159 -0.067001
-0.055783 0.994819 -0.084987
-0.802812 -0.468490 -0.368794
-0.942714 -0.055418 -0.328967
-0.291266 -0.127179 -0.948151
-0.082556 -0.897861 0.432470
0.852488 -0.064117 0.518799
0.298062 0.784547 -0.543732
-0.805569 -0.302112 -0.509693
-0.004214 0.913649 -0.406483
0.823070 0.512081 0.245621
-0.087561 -0.983372 0.159098
-0.320970 -0.946185 -0.041372
-0.686385 0.297051 0.663805
0.798815 -0.200323 0.567244
0.008262 -0.943080 -0.332462
-0.383732 -0.871141 0.306370
-0.382775 0.399575 -0.832961
0.299124 0.850675 0.432292
-0.204839 0.861631 -0.464362
0.743900 0.394589 -0.539363
-0.372551 -0.115016 0.920857
-0.539636 0.056023 0.840032
0.220910 -0.878658 0.423271
0.743711 0.664163 -0.076036
0.790915 -0.609325 0.056355
0.442336 0.307203 -0.842594
-0.039224 -0.856398 0.514824
0.335816 -0.685710 0.645778
-0.771831 0.483004 -0.413502
0.151083 -0.951687 0.267331
-0.193776 0.166842 -0.966755
0.930984 0.269189 -0.246588
0.751979 -0.520977 -0.403870
-0.391829 0.906445 0.157564
0.579972 0.796358 0.171602
0.990729 0.061714 0.121030
-0.836405 0.527977 0.147197
-0.390820 0.918124 -0.065636
0.019412 0.503986 0.863493
0.082460 -0.674561 0.733599
-0.643661 -0.650468 -0.403227
-0.234065 0.082956 0.968675
-0.742280 0.415132 0.526010
-0.759483 0.084994 0.644950
-0.732581 0.600733 -0.320068
-0.164275 0.772730 0.613109
0.775274 0.366090 0.514711
0.561116 0.339078 0.755099
0.309975 0.007679 0.950714
0.002760 0.764341 0.644806
0.557114 0.360048 -0.748325
-0.035843 -0.413645 0.909732
0.955906 0.265181 -0.126185
0.378966 -0.487275 -0.786732
-0.633974 0.476690 -0.608969
0.288344 -0.147491 -0.946099
-0.034277 0.420206 0.906781
-0.941711 0.201384 0.269489
0.687255 -0.175737 -0.704838
-0.585402 0.782322 -0.212784
0.666748 0.696752 -0.264544
-0.139408 -0.972572 -0.186195
-0.701521 0.363953 0.612704
-0.519461 0.806984 -0.280956
-0.652144 -0.757399 -0.032497
0.000780 -0.984927 -0.172970
-0.294982 0.319067 0.900656
0.040291 -0.739783 -0.671638
0.239369 -0.943877 -0.227593
-0.416458 -0.334514 0.845378
-0.585915 -0.766111 0.264152
0.257050 -0.881833 -0.395343
0.814633 -0.243432 -0.526416
-0.082047 0.850896 0.518888
0.217039 -0.197589 0.955957
-0.646650 -0.048067 0.761271
0.715348 -0.136252 0.685356
-0.601565 -0.153684 0.783901
-0.170617 -0.069699 -0.982869
0.302025 -0.257328 0.917912
-0.677176 0.350763 -0.646836
0.675841 0.391792 0.624290
-0.353726 0.822806 0.444824
0.356185 -0.920773 0.159091
-0.885645 -0.434108 -0.164872
-0.061683 -0.034251 0.997508
-0.310679 0.347438 -0.884740
-0.691593 0.702368 0.168456
0.615470 -0.206469 -0.760636
0.213963 0.976801 -0.008921
0.916171 -0.394935 0.068248
-0.104081 0.295698 -0.949595
0.929912 0.329515 0.163353
0.769839 -0.351021 -0.533041
-0.310912 -0.475831 -0.822750
0.831469 0.554595 0.032920
-0.702997 0.053235 -0.709198
-0.390697 0.767355 0.508451
-0.869802 0.158659 -0.467195
0.714910 -0.681996 -0.154227
0.635442 0.766708 -0.091503
-0.910094 -0.399778 0.109119
-0.648753 -0.760341 -0.031638
0.085155 -0.961102 0.262737
-0.654365 -0.735588 -0.175265
-0.944998 -0.053155 0.322729
0.321431 -0.940966 0.106139
0.002475 -0.993213 -0.116284
0.793700 -0.464739 -0.392502
0.575968 0.214188 -0.788914
-0.392902 0.561318 0.728388
-0.463624 0.885752 0.022268
-0.683737 -0.680398 0.263748
0.274532 -0.519460 0.809193
-0.020399 -0.994160 0.105970
-0.197790 0.202706 -0.959057
0.129007 -0.487943 -0.863290
-0.419140 -0.590213 0.689905
-0.641720 0.109854 -0.759030
0.204865 -0.018084 0.978623
-0.955099 0.092424 -0.281502
-0.583838 0.172900 0.793245
-0.590270 0.803727 0.074862
0.398985 0.893182 0.207451
0.771582 -0.003960 0.636118
-0.080717 0.633281 -0.769701
0.608991 -0.702717 -0.367856
-0.334868 0.754796 -0.564045
-0.321891 -0.942413 0.090791
0.518864 -0.851431 -0.076452
0.017631 0.376219 -0.926363
-0.785215 0.056136 0.616673
-0.762853 -0.488190 0.423940
-0.093702 0.539857 -0.836525
-0.806346 0.270018 0.526210
0.562318 0.826903 0.005452
-0.289409 0.886310 -0.361520
0.998045 0.002628 -0.062437
0.752079 0.207196 0.625657
0.676962 0.449302 -0.582966
-0.643484 0.760831 0.084058
-0.471137 -0.454074 0.756205
0.847202 0.268434 -0.458466
0.122669 -0.820000 0.559063
-0.956247 0.231517 0.178860
0.795298 0.597523 0.102304
-0.743656 -0.352154 -0.568298
-0.786508 -0.042076 0.616145
-0.872096 0.189252 -0.451256
0.724854 -0.635169 -0.266733
-0.019902 0.214945 -0.976423
-0.139704 -0.648886 -0.747950
0.597304 0.010067 -0.801952
0.799578 0.441394 -0.407243
0.071151 0.842697 -0.533666
-0.673443 0.285868 0.681728
-0.347577 -0.917842 -0.191718
0.874627 -0.439736 -0.204106
0.584850 -0.696126 -0.416365
-0.537400 0.827983 0.160142
-0.203355 -0.844635 -0.495215
-0.031660 0.404249 0.914101
0.283144 -0.651341 -0.703978
0.611897 0.753486 0.240501
-0.149136 0.984395 0.093407
0.929150 -0.355276 -0.102274
0.325987 0.193463 -0.925367
-0.276383 -0.710269 -0.647403
-0.343152 -0.244798 -0.906819
0.426028 0.026143 -0.904332
0.429052 -0.177765 0.885615
-0.356477 0.768417 0.531469
-0.626347 -0.668831 0.400443
0.828970 0.505673 0.238966
0.502833 0.812871 0.293938
0.831033 -0.515112 0.209867
-0.075839 -0.647975 -0.757877
-0.760889 -0.536005 0.365714
0.658624 0.513106 0.550397
-0.582012 0.627573 0.517121
0.576346 -0.322581 -0.750844
0.678543 0.463819 0.569607
0.586371 -0.526656 -0.615470
-0.980069 0.002082 -0.198645
0.322457 -0.702477 -0.634466
-0.566360 0.633086 0.527673
0.789306 -0.139383 0.597971
-0.963132 0.251773 0.094802
-0.707845 -0.250930 -0.660295
0.186242 -0.886404 0.423795
0.130232 0.673599 0.727533
0.732026 -0.586121 -0.347274
0.766870 0.049762 -0.639870
-0.475599 0.827727 -0.297781
0.098081 -0.592541 -0.799547
0.966080 0.257694 0.016831
-0.082840 0.478217 0.874326
-0.549995 -0.244222 0.798662
-0.193073 0.409777 -0.891519
-0.905367 -0.345360 0.247058
-0.271206 0.913103 0.304449
0.471062 0.133844 0.871887
-0.974185 -0.105201 -0.199742
0.010731 0.363725 0.931445
0.370358 -0.489959 0.789161
-0.571265 -0.583687 -0.577032
0.601563 0.780477 -0.170228
0.007702 0.206033 0.978515
0.305925 -0.946531 -0.102417
-0.695413 0.216237 0.685305
0.830031 0.551683 -0.081821
0.388903 0.393195 0.833158
-0.447714 -0.160839 0.879592
0.695843 0.199846 -0.689829
0.808726 0.586570 0.043557
-0.985991 -0.157306 0.055469
-0.338802 -0.900736 0.271823
0.674762 -0.507762 0.535607
-0.823536 0.564714 -0.053720
-0.237120 -0.423901 -0.874118
0.709787 0.049826 0.702652
-0.835714 0.170434 -0.522049
-0.639050 0.765821 -0.071646
0.803441 -0.573390 -0.160330
0.743583 -0.095303 -0.661817
0.526053 0.079087 0.846767
0.508683 0.765865 -0.393310
-0.919469 0.145330 -0.365316
0.455787 0.880939 0.127296
-0.735075 -0.422627 -0.530143
-0.002403 0.992759 -0.120100
0.129073 0.845864 -0.517546
-0.286514 -0.873062 -0.394553
0.645550 0.167178 0.745196
0.421834 -0.748027 0.512359
0.010579 -0.619026 -0.785299
0.820752 -0.223811 -0.525619
0.773377 -0.629471 -0.075199
-0.910883 -0.388953 0.137872
0.607429 0.052217 -0.792656
-0.725896 0.667654 -0.165270
-0.587060 0.748193 0.309140
-0.694736 0.658537 -0.289261
0.494879 0.774638 0.393740
0.840477 0.352541 -0.411477
-0.691551 0.654033 0.306590
0.191150 0.470646 0.861368
0.021789 -0.082609 -0.996344
0.767988 0.456223 0.449505
0.302409 -0.460952 0.834309
-0.613561 0.753388 0.236536
0.805825 -0.239655 -0.541490
0.019367 -0.565867 -0.824269
0.078124 -0.856943 0.509455
-0.842753 0.343351 0.414580
-0.719262 -0.679060 -0.146766
-0.714449 0.040306 -0.698526
0.024856 -0.991512 -0.127617
-0.138749 0.499065 -0.855385
0.695042 0.559195 -0.451904
-0.092012 0.519331 0.849605
0.257085 -0.680542 -0.686127
-0.812734 0.517963 0.266792
-0.028838 -0.999355 -0.021410
0.852940 0.496326 0.161722
-0.337506 -0.939182 0.063459
-0.750650 0.355923 0.556636
0.417226 0.662990 -0.621584
-0.036085 0.284761 -0.957919
0.842264 -0.475033 0.254824
-0.362689 0.421577 0.831101
0.559085 0.764394 0.321132
-0.645379 -0.208640 -0.734817
0.763503 -0.642649 -0.063762
-0.907301 0.229476 0.352342
0.585206 -0.789860 -0.183452
0.590434 -0.368105 0.718252
0.170188 -0.928143 -0.331040
-0.553804 0.805198 0.212031
-0.488787 0.777348 -0.396002
0.108785 0.909971 0.400148
-0.689203 0.088835 -0.719102
-0.779501 -0.624168 0.052847
-0.904073 -0.381108 0.193414
-0.465713 -0.522319 0.714349
-0.966732 0.248970 0.058675
-0.053250 0.986606 0.154184
0.777856 -0.077805 -0.623608
-0.094014 0.175961 -0.979898
-0.255653 0.437446 0.862138
-0.987482 0.151870 -0.042591
-0.356044 0.919381 0.167248
0.305359 0.161176 0.938498
0.605037 0.435077 -0.666812
-0.350810 -0.293164 0.889375
-0.879753 -0.385183 -0.278692
-0.828747 0.558838 0.029626
-0.985030 -0.152587 -0.080213
-0.824305 -0.549811 -0.135017
0.629108 -0.101614 0.770647
-0.587023 -0.763951 0.267924
-0.018415 -0.068041 0.997513
0.074576 0.585812 -0.807009
0.764692 0.230481 0.601768
0.912768 0.398759 -0.088576
-0.025447 -0.717774 -0.695811
-0.840217 0.237342 -0.487550
0.836797 0.488655 -0.246956
0.271268 -0.760842 -0.589519
-0.686324 0.725666 -0.048673
0.753503 0.655475 -0.050848
0.724046 0.345058 -0.597237
-0.749538 -0.619435 0.233436
0.667128 -0.367222 -0.648142
0.731872 0.033426 0.680622
0.537740 0.310064 -0.784025
0.385340 0.245725 0.889456
-0.406829 0.094909 -0.908560
-0.910219 0.374889 -0.175955
-0.615317 0.318382 0.721123
0.024763 0.995541 -0.091022
0.136968 0.970210 0.199832
-0.659540 -0.481939 0.576838
-0.413957 -0.001764 0.910295
0.596196 -0.432339 -0.676486
-0.194867 -0.931759 0.306352
0.062730 -0.509898 0.857945
-0.322703 -0.790129 -0.521113
0.843045 0.415962 -0.340957
0.806777 0.361099 -0.467673
-0.202610 -0.960962 -0.188418
-0.572657 0.364967 -0.734073
-0.157589 -0.882463 0.443199
-0.515064 -0.166448 0.840836
-0.842264 -0.533695 -0.075897
-0.106982 0.911922 0.396173
0.601028 0.636182 0.483776
0.368248 -0.446345 0.815579
-0.796479 0.230807 -0.558882
0.478885 0.050946 0.876398
-0.924259 -0.030220 -0.380569
0.876735 -0.424558 -0.226024
-0.202159 -0.595315 -0.777645
-0.882434 -0.453416 0.125397
0.576140 0.684872 -0.446109
0.925300 -0.281878 0.253701
0.991373 0.123507 -0.043879
-0.822937 -0.197059 0.532862
0.344003 0.921546 -0.180040
0.865842 0.494713 0.074676
-0.377246 -0.119272 -0.918400
-0.680235 -0.583574 0.443533
0.361010 0.808583 0.464614
-0.637779 -0.034345 0.769453
-0.817400 0.539743 0.201332
-0.900162 0.382557 -0.208228
-0.885174 -0.352355 0.303832
0.521284 -0.687394 0.505720
0.263629 -0.891745 -0.367818
0.628566 0.773495 0.081301
-0.724740 0.535382 0.433726
-0.760252 -0.532017 -0.372794
0.081330 -0.891222 0.446215
-0.371019 -0.805277 -0.462464
-0.524629 0.561995 -0.639474
-0.396969 -0.840636 0.368439
0.656433 0.666681 0.353033
-0.683577 -0.453975 -0.571515
-0.572513 -0.612278 0.545294
0.482333 0.449498 0.751869
-0.408037 -0.629892 0.660865
-0.298717 -0.448369 -0.842457
0.169626 0.529548 0.831147
-0.415527 -0.097944 -0.904292
-0.253064 -0.861641 -0.439924
0.734948 0.649489 0.194976
0.287693 -0.059078 0.955899
0.073291 0.974958 -0.209966
0.435856 0.126537 -0.891077
0.289993 -0.900020 -0.325373
0.820400 0.166730 -0.546941
-0.388477 0.814597 -0.430716
0.265180 0.125024 0.956059
-0.858617 0.175863 0.481507
0.596372 0.408162 0.691190
-0.520104 0.185485 0.833719
0.539499 0.780387 0.316128
0.002253 -0.537431 -0.843304
-0.794733 0.171186 0.582319
0.246602 -0.009940 -0.969066
0.028910 0.414496 0.909592
-0.866535 0.090151 -0.490907
0.190740 0.720835 -0.666344
0.202148 -0.624827 0.754140
0.078627 0.546377 0.833840
-0.864752 0.358649 0.351531
0.604061 -0.774139 0.189258
-0.203516 -0.470770 0.858462
0.126231 -0.977196 0.170743
0.704440 -0.636047 -0.314974
-0.968611 0.106356 0.224682
0.940826 -0.251636 0.226995
0.388442 -0.202516 -0.898944
-0.824495 0.133509 -0.549894
0.863201 0.500392 -0.067021
-0.172218 0.888445 -0.425449
0.716473 -0.458644 -0.525654
0.495181 -0.551021 -0.671693
-0.519587 0.032207 0.853810
0.818712 -0.574150 -0.007892
0.720276 0.258497 -0.643725
-0.136643 -0.363869 0.921373
-0.416722 0.770347 -0.482606
0.275180 0.465338 0.841271
0.045469 0.642735 -0.764738
0.160966 -0.273607 -0.948277
-0.188378 -0.932679 0.307610
0.556428 0.830844 0.009318
-0.027357 0.790932 0.611292
0.094982 0.995268 -0.020510
0.030860 0.702069 -0.711440
0.012301 0.562753 0.826533
-0.230020 0.860691 -0.454204
-0.288043 0.938982 0.187998
0.868082 -0.387424 -0.310380
0.504985 0.661869 -0.554004
-0.367822 0.369115 0.853499
0.585232 -0.279004 0.761354
0.992996 0.090822 0.075570
0.983491 -0.147889 0.104284
0.045360 -0.711004 0.701723
-0.461136 -0.875917 -0.141854
0.989258 0.051208 -0.136920
-0.340237 0.521508 0.782476
0.370051 0.075865 -0.925908
0.763080 -0.593235 0.256477
-0.492713 0.616346 0.614290
-0.477122 -0.798999 0.366000
-0.168688 0.746445 -0.643712
-0.050387 0.503472 -0.862541
-0.631431 -0.276984 -0.724275
-0.058326 0.440647 -0.895784
0.088124 -0.820093 0.565405
-0.556716 -0.346148 0.755148
-0.966838 0.112545 -0.229255
-0.408726 -0.052050 0.911172
-0.403397 0.912633 0.066124
0.747481 0.151637 -0.646745
-0.713969 0.681788 0.159417
-0.173632 0.711298 -0.681107
0.294595 0.716942 0.631828
0.363040 -0.361487 -0.858795
0.620540 -0.751025 0.225592
-0.738419 0.475398 -0.478260
-0.886023 0.446706 -0.124163
-0.417374 0.423248 -0.804152
0.715619 -0.316851 0.622491
0.948829 0.235489 0.210401
-0.083279 -0.972857 0.215901
0.355647 -0.675520 0.645901
-0.923481 -0.173180 -0.342332
-0.608148 0.668825 0.427585
-0.663963 -0.614754 0.425711
-0.380293 0.031652 0.924324
-0.343112 0.322593 -0.882161
0.836891 0.256848 -0.483367
-0.966523 -0.249741 0.058837
0.347373 -0.324741 0.879702
0.275463 0.445286 -0.851963
0.205801 -0.280092 -0.937654
-0.124054 0.506481 0.853280
-0.068315 0.391363 -0.917697
0.957919 0.107948 0.265968
0.481508 0.866444 0.132005
0.749839 -0.248678 0.613108
-0.750525 0.427295 0.504115
0.689157 0.314229 0.652934
-0.469977 0.871683 -0.138893
-0.885610 0.284003 -0.367473
-0.819844 0.560886 -0.115164
-0.856717 -0.270776 0.438994
-0.654165 0.735732 0.175405
0.454929 -0.890008 0.030441
0.141074 0.915693 -0.376303
0.544364 -0.658009 -0.520281
0.891988 0.279838 -0.355032
0.093967 0.176967 0.979721
0.949765 0.263996 0.168083
0.051680 0.208865 0.976578
0.671523 -0.352814 -0.651598
0.799420 -0.035153 0.599743
-0.945798 0.300331 -0.123562
0.690593 0.164443 -0.704300
-0.185010 0.537509 0.822712
-0.728989 0.098790 -0.677359
0.281077 0.883236 -0.375353
-0.653540 -0.507113 -0.561891
-0.393880 -0.869503 0.298033
-0.259887 0.002409 -0.965636
-0.242775 -0.796205 0.554182
-0.866908 -0.477489 0.143092
0.099032 0.285923 0.953121
0.289581 -0.358731 -0.887387
0.723762 -0.617910 -0.307173
-0.101207 -0.752479 -0.650794
-0.697043 -0.708393 0.110952
0.633583 -0.095527 0.767755
-0.228269 -0.910716 -0.344223
-0.333462 0.681948 0.650961
-0.186374 0.691124 0.698292
-0.469065 0.861333 0.195148
-0.540219 -0.828444 -0.147797
-0.906151 -0.422447 -0.020707
-0.860200 0.509103 -0.029492
0.933821 0.140610 0.328948
0.104287 -0.773943 0.624609
-0.958915 -0.196489 -0.204632
0.456698 0.467016 0.757181
0.024193 -0.998316 -0.052721
0.926543 0.365774 -0.087902
-0.011277 -0.773480 0.633720
-0.010112 0.367561 0.929944
-0.401185 0.810651 -0.426493
0.992135 0.102355 -0.072045
0.495353 -0.031426 -0.868123
-0.828228 -0.138025 -0.543127
0.192317 0.920418 -0.340359
0.089980 -0.905920 -0.413779
0.849157 0.368756 -0.378089
0.630424 -0.561217 -0.536285
-0.237849 0.714127 0.658370
0.015195 -0.630335 -0.776174
-0.098794 -0.539569 0.836125
0.365635 -0.541585 0.756965
-0.287947 -0.903084 0.318629
-0.456790 -0.400839 -0.794148
0.494552 0.422196 0.759716
0.317605 0.773710 0.548179
0.245714 -0.602296 -0.759516
-0.430303 0.388156 0.814969
-0.006019 0.569220 -0.822163
0.972482 0.212318 -0.095915
0.992922 -0.110657 -0.043147
0.412703 0.368096 0.833176
0.103568 0.569695 -0.815304
-0.118285 -0.558987 -0.820696
-0.791150 0.242630 0.561437
-0.993472 -0.088305 0.072212
-0.608574 -0.721533 -0.330193
0.897529 -0.019455 0.440527
0.984543 0.162069 -0.066402
-0.858584 0.512532 -0.011995
0.831988 -0.390853 0.393737
0.151112 0.877994 -0.454193
0.481839 -0.792746 0.373343
0.425921 0.479068 0.767519
0.191305 -0.931701 -0.308764
0.769672 -0.201152 0.605923
0.228948 0.942121 -0.244930
0.762625 0.366520 -0.532979
-0.752278 0.622818 0.214885
-0.174834 -0.888602 -0.424052
-0.245109 -0.163384 0.955629
0.238267 0.629274 -0.739759
-0.455509 -0.142974 0.878675
0.953574 0.281363 -0.107385
-0.567468 0.044432 -0.822196
-0.757637 0.069274 -0.648989
-0.730547 -0.518433 0.444441
-0.729872 0.621919 -0.283733
0.175039 -0.689489 -0.702827
-0.154102 0.896291 -0.415829
0.149741 0.511158 -0.846342
-0.867307 0.143213 -0.476726
0.048503 -0.938446 -0.342005
-0.726249 0.683006 -0.077881
-0.139342 -0.299167 -0.943972
-0.162710 0.730548 0.663193
0.910163 -0.307516 0.277556
-0.430569 0.168299 0.886728
0.119116 -0.628586 -0.768564
0.191970 0.643833 0.740694
-0.384285 -0.387460 0.837974
-0.719902 0.670663 -0.178751
-0.308754 0.914815 -0.260353
-0.890702 0.379795 0.249813
-0.505364 0.612679 0.607644
-0.399594 -0.617943 0.677105
0.305542 -0.946743 0.101592
-0.248752 0.803289 -0.541156
0.597703 0.121445 0.792466
0.061760 0.231819 0.970796
-0.257324 0.950356 0.174949
0.850125 0.368548 0.376111
0.142335 0.699027 -0.700787
-0.903400 0.409782 -0.126283
-0.736936 0.513362 -0.439755
0.233849 -0.088041 -0.968279
0.480832 -0.865141 0.142589
0.437830 0.750443 0.495117
0.825334 0.020840 -0.564260
-0.857963 -0.162000 0.487499
-0.245294 -0.761258 -0.600264
-0.701708 0.314847 -0.639123
-0.437670 0.860319 0.261335
-0.835768 -0.485348 0.256767
0.438339 -0.731873 -0.521747
-0.016001 -0.079254 0.996726
-0.575652 0.817292 -0.025653
0.251805 0.451417 0.856047
-0.295156 -0.862771 -0.410499
-0.657018 -0.166882 0.735172
0.615971 -0.786666 0.041668
0.329997 0.889929 0.314846
0.756289 -0.531299 -0.381770
0.593035 -0.693511 -0.409087
-0.549344 -0.690031 0.471251
-0.165242 -0.933636 0.317833
-0.438534 -0.881824 -0.173420
0.264877 -0.695840 -0.667568
0.435572 0.881434 0.182622
0.710050 0.234828 -0.663841
-0.356741 0.429909 0.829406
-0.954114 -0.240276 -0.178701
-0.688598 0.450622 0.568131
-0.807546 0.122276 0.576990
-0.839806 -0.141365 -0.524159
-0.753030 -0.467750 0.462770
-0.321414 0.920017 -0.224190
0.276345 -0.960209 0.040390
0.245658 -0.481265 0.841449
-0.177784 -0.956332 0.231995
-0.421590 -0.268506 -0.866121
-0.413124 0.115579 -0.903310
0.291039 -0.954691 0.062132
0.084013 -0.964065 0.252031
0.114748 -0.987269 -0.110147
0.043575 -0.641126 0.766198
0.136500 -0.845857 -0.515648
0.138090 0.853880 -0.501817
0.706449 -0.707006 -0.032760
0.721415 0.349385 -0.597905
-0.146376 0.075985 -0.986307
-0.143707 -0.500811 -0.853544
0.100806 -0.864956 0.491619
-0.625614 -0.442418 0.642552
0.767376 -0.106518 -0.632288
0.480620 0.186742 -0.856815
-0.287875 0.822246 -0.490957
-0.754257 -0.445205 0.482585
0.286724 -0.513283 0.808906
0.630201 -0.311249 -0.711317
0.334422 -0.274419 0.901586
0.251551 -0.191087 0.948793
-0.134597 0.922917 0.360704
0.659181 0.665042 0.350998
-0.137846 -0.610733 -0.779746
-0.554701 0.160994 0.816326
0.830558 -0.556663 -0.017281
-0.835510 -0.316937 -0.448858
-0.488111 0.872033 0.036142
-0.089307 -0.821879 -0.562619
-0.156519 -0.985536 0.064964
0.934486 -0.319167 -0.157696
-0.637656 -0.664583 -0.389517
-0.347980 -0.707755 -0.614812
0.450536 -0.237649 0.860546
-0.436021 -0.421263 -0.795250
-0.478274 0.847802 0.229096
-0.453734 -0.784567 0.422588
-0.194318 -0.881943 0.429438
0.499443 0.745830 -0.440789
-0.678542 0.654002 -0.334460
0.495465 -0.462486 0.735269
0.417045 0.845421 -0.333672
0.845976 -0.532889 -0.018789
-0.665980 0.714057 0.215854
-0.978059 0.149095 -0.145501
0.497269 -0.665580 0.556531
-0.644893 -0.661615 -0.382595
-0.746800 -0.605242 -0.275629
-0.418368 0.759107 -0.498723
0.648979 0.759997 -0.035083
0.250997 0.896518 0.365042
-0.636909 -0.211596 -0.741332
-0.899844 0.088485 0.427144
-0.024916 0.064598 -0.997600
-0.695729 0.264761 -0.667730
0.370591 -0.762551 -0.530263
-0.408137 0.903107 -0.133496
0.652262 0.680365 0.334152
-0.170869 0.981039 0.091470
0.736970 0.085919 -0.670442
-0.946688 0.298321 -0.121603
0.877322 -0.430367 0.212344
0.417144 0.261181 0.870503
-0.516625 0.659971 0.545469
-0.488158 0.820702 -0.296901
0.849729 0.526923 -0.017680
0.078899 -0.508770 0.857279
0.262079 -0.919780 0.292094
0.025234 -0.634792 -0.772271
-0.883866 -0.153803 0.441730
-0.590859 0.791703 0.155215
-0.044606 -0.718347 0.694253
-0.617829 0.721279 0.313119
-0.621812 0.522190 0.583668
0.945816 -0.137877 -0.293977
0.126762 -0.483656 -0.866030
0.637292 -0.444200 0.629719
-0.110139 -0.942369 -0.315927
0.955837 0.191966 0.222543
0.485397 0.829021 0.277695
0.396718 -0.471925 -0.787338
0.481481 0.379093 -0.790230
0.608801 0.521753 0.597607
-0.448031 0.893937 -0.012020
-0.996974 -0.075634 -0.017930
0.727070 0.195467 0.658150
-0.876774 -0.116395 -0.466605
-0.939226 -0.255384 -0.229420
-0.509892 -0.849651 0.134548
-0.708088 0.282212 -0.647277
0.609910 0.033962 -0.791743
0.156300 -0.554923 -0.817087
-0.385885 -0.498820 -0.776062
0.683851 -0.000296 0.729621
0.361576 -0.558766 0.746353
-0.967055 -0.251257 -0.040929
-0.955194 0.278042 0.101470
0.296353 -0.742763 -0.600399
-0.036252 -0.425569 -0.904199
0.441881 -0.178387 -0.879158
-0.556047 -0.831046 -0.013162
0.502936 -0.346859 0.791672
0.930517 -0.011874 -0.366057
0.639345 -0.700298 -0.317523
-0.793341 -0.014730 -0.608599
0.376463 0.581259 -0.721397
-0.636725 0.575310 -0.513419
0.258808 0.081357 0.962496
-0.227559 -0.699351 0.677587
0.137648 -0.968073 0.209492
0.356056 0.137438 0.924302
-0.492888 0.442261 0.749311
-0.275998 0.900987 -0.334735
0.705395 -0.699353 0.115426
-0.689537 -0.723268 -0.037710
0.135002 0.969541 0.204362
-0.358402 -0.603611 0.712180
0.909874 -0.158033 -0.383608
0.712743 -0.035723 0.700515
0.861534 0.247674 -0.443190
0.195980 -0.699653 -0.687079
0.289575 -0.919079 0.267283
-0.282278 -0.932335 0.225987
0.570285 -0.806359 0.156716
0.508946 -0.857912 -0.070433
-0.970532 0.068417 0.231056
0.018498 0.769924 -0.637868
-0.765427 0.020280 -0.643203
-0.576375 -0.753284 -0.316787
0.357595 0.900970 -0.245722
0.852270 0.499169 0.156417
-0.029784 0.434552 0.900154
0.136088 -0.432121 0.891489
-0.417297 0.509608 -0.752438
0.771689 0.594651 -0.225580
0.214795 0.710572 0.670038
-0.731635 -0.102957 -0.673877
-0.959962 0.232021 0.156967
0.608073 0.781378 0.140341
0.214869 -0.662065 0.717984
-0.195815 -0.506022 -0.839999
-0.760208 -0.635419 0.135375
0.331586 -0.563505 -0.756646
0.309162 -0.069633 -0.948457
-0.599735 0.367168 -0.710989
0.902561 0.129634 0.410583
-0.643127 -0.386707 0.660942
-0.662721 -0.592323 0.458208
-0.427067 0.026173 -0.903841
0.076338 -0.511649 -0.855797
-0.697772 0.349090 0.625500
-0.345975 -0.518194 0.782161
-0.907055 -0.360824 -0.216925
0.070648 0.988351 0.134803
0.638369 -0.678342 -0.363780
0.937775 -0.342749 -0.055687
-0.387196 -0.919672 0.065436
-0.418014 0.881284 -0.220458
-0.627813 0.154220 0.762933
0.365597 0.700951 0.612378
0.095136 -0.968473 0.230239
0.423361 0.823724 -0.377153
0.262826 -0.526174 -0.808742
-0.712146 0.463622 -0.527165
0.446602 -0.892971 -0.056115
-0.003510 -0.478771 0.877933
-0.513663 -0.633215 -0.578955
0.229839 0.836871 -0.496811
0.217730 -0.971783 0.090723
0.311643 -0.539169 0.782417
0.583215 0.808858 0.074899
-0.114669 -0.550286 0.827065
-0.200854 -0.852383 0.482805
0.110903 0.856756 0.503657
-0.227574 0.143777 0.963088
-0.175774 0.766163 0.618141
0.413281 -0.017911 -0.910427
0.559331 0.698856 0.445814
-0.185807 0.579824 0.793271
-0.166367 0.842037 0.513123
-0.978588 -0.196733 0.060512
0.085840 0.194948 -0.977050
-0.017289 0.693358 0.720386
-0.811456 0.349894 -0.468096
-0.689453 -0.130539 0.712471
0.847743 0.189996 0.495210
0.005084 -0.141233 0.989963
-0.949482 -0.005615 0.313771
-0.372911 0.811142 -0.450540
-0.875410 0.426910 -0.226724
0.251216 -0.790534 -0.558522
-0.094058 0.371488 0.923661
0.879124 0.475911 -0.025502
0.111905 0.779061 -0.616881
0.675561 0.731914 0.088990
0.810448 -0.468913 -0.351133
0.809429 -0.307829 0.500065
0.656019 -0.466044 0.593669
0.035315 -0.976593 -0.212178
0.919238 -0.385722 -0.078868
-0.074735 0.886110 0.457410
0.412565 -0.857604 -0.307093
-0.432338 -0.586236 0.685136
-0.403975 0.003510 -0.914763
-0.052138 0.903140 -0.426168
0.799009 0.004203 -0.601304
0.896773 0.427903 -0.112682
0.782325 -0.603132 0.155562
0.336263 0.783226 0.522957
0.749801 -0.085726 -0.656086
-0.540148 0.016078 -0.841417
0.783201 -0.539508 0.309074
-0.794331 0.097760 0.599567
0.360252 -0.144119 0.921655
0.890652 0.375709 0.256088
0.274336 -0.958452 0.078160
0.881720 -0.298336 -0.365466
-0.105260 0.917439 -0.383700
-0.207158 0.482554 -0.851016
-0.185664 0.077683 0.979538
-0.417676 0.006586 -0.908572
-0.417664 0.830090 -0.369470
-0.222237 -0.921754 0.317773
-0.471633 0.344344 0.811782
-0.851411 -0.357992 -0.383330
0.294814 0.722057 -0.625875
0.220345 -0.308194 0.925454
-0.945372 -0.310808 0.098334
0.425976 0.576393 0.697363
-0.273594 0.771042 0.575014
0.500438 -0.825068 0.262342
-0.321596 -0.484849 -0.813325
-0.509162 -0.737839 0.443111
-0.766458 -0.077800 -0.637566
0.754698 0.490308 0.435923
0.517501 0.654828 0.550811
0.232523 -0.817988 -0.526145
0.343305 0.209469 -0.915568
-0.972335 0.227997 0.050821
-0.817838 0.555985 0.148395
-0.892748 0.444368 0.074414
0.606733 0.406821 0.682914
0.938342 -0.221186 -0.265688
0.110242 -0.804987 0.582960
-0.375780 0.905136 -0.198792
-0.275215 0.338496 0.899821
0.120385 -0.688103 -0.715557
-0.894582 -0.250649 -0.369997
0.073434 0.834194 -0.546561
0.736330 -0.675192 -0.043976
0.381129 -0.234741 0.894224
-0.372531 0.513668 -0.772894
0.515699 0.856093 -0.034053
-0.938153 0.101134 -0.331122
0.001289 0.548778 0.835967
-0.970861 0.215930 0.103936
0.429568 0.304974 0.849978
-0.821688 0.385377 -0.419897
-0.547659 0.286571 0.786096
0.965306 -0.246356 -0.086563
-0.410488 -0.308062 -0.858253
-0.510804 -0.561144 -0.651303
0.718033 -0.524892 -0.457075
-0.995415 0.067928 -0.067344
0.041187 0.987701 0.150830
-0.008882 0.063603 0.997936
0.742309 -0.595903 0.306394
-0.681347 -0.585315 -0.439513
0.424125 -0.100388 -0.900022
-0.255554 0.693505 -0.673605
0.418129 0.553777 0.720069
0.386342 -0.901417 0.195416
-0.569707 0.740623 0.356247
-0.376501 -0.745645 -0.549782
-0.981325 0.035844 -0.188990
0.500211 -0.789908 -0.354731
-0.126287 0.991240 0.038670
-0.206597 -0.976009 -0.068737
-0.095707 0.659446 0.745634
-0.154963 0.980155 -0.123623
0.383436 0.881215 0.276472
0.684234 -0.317411 0.656562
0.296791 0.451376 0.841531
0.721124 -0.577954 -0.382034
-0.038683 -0.542416 -0.839219
0.241041 -0.607576 -0.756803
-0.907630 -0.069405 0.413994
-0.583954 -0.811784 0.002105
0.281838 0.725524 -0.627840
-0.634071 -0.766423 -0.102717
-0.807208 0.465501 -0.362938
-0.069179 0.992710 0.098693
0.425316 -0.531992 0.732182
-0.140289 0.966485 -0.215002
