2 5.989547 0.174210% 0.707025
4 6.041244 0.687400% 0.803251
6 6.004000 0.066659% 0.649702
8 5.996682 0.055307% 0.536391
10 5.982997 0.283376% 0.454833
12 5.965183 0.580290% 0.394081
14 5.960374 0.660436% 0.347945
16 5.954828 0.752859% 0.310888
18 5.953996 0.766738% 0.281193
20 5.971180 0.480341% 0.256536
22 5.970393 0.493448% 0.236022
24 5.997801 0.036644% 0.218471
26 6.023720 0.395340% 0.203642
28 6.011183 0.186388% 0.190147
30 6.017990 0.299828% 0.178545
32 6.028648 0.477468% 0.168431
34 6.012565 0.209422% 0.159120
36 5.986189 0.230190% 0.150876
38 5.999789 0.003518% 0.143405
40 6.009128 0.152129% 0.136665
