0.1 4.978467 17.025549% 0.069979
0.2 3.108472 48.192130% 0.095429
0.3 2.485093 58.581783% 0.118398
0.4 3.086475 48.558751% 0.146109
0.5 3.732454 37.792434% 0.190110
0.6 4.774276 20.428728% 0.225663
0.7 4.959445 17.342575% 0.270516
0.8 4.859111 19.014816% 0.312150
0.9 5.529963 7.833952% 0.349762
1 5.771708 3.804874% 0.387977
1.1 5.663113 5.614776% 0.424394
1.2 5.793782 3.436974% 0.460378
1.3 5.895291 1.745144% 0.494821
1.4 5.982720 0.287999% 0.528590
1.5 6.002087 0.034776% 0.560981
1.6 6.013685 0.228089% 0.592310
1.7 6.035202 0.586707% 0.622996
1.8 5.971637 0.472713% 0.651868
1.9 5.955195 0.746746% 0.680357
2 5.989547 0.174210% 0.707025
2.1 5.978532 0.357806% 0.733400
2.2 5.986640 0.222670% 0.758401
2.3 5.983071 0.282156% 0.782392
2.4 5.996417 0.059720% 0.803846
2.5 6.011277 0.187945% 0.821630
2.6 6.008317 0.138621% 0.835731
2.7 6.014680 0.244669% 0.845539
2.8 6.008661 0.144349% 0.851775
2.9 6.009272 0.154539% 0.855446
3 6.004648 0.077465% 0.856632
3.1 6.016873 0.281220% 0.855734
3.2 6.022173 0.369554% 0.852976
3.3 6.020287 0.338120% 0.849262
3.4 6.027638 0.460627% 0.844274
3.5 6.020581 0.343011% 0.838504
3.6 6.036186 0.603096% 0.832422
3.7 6.035477 0.591278% 0.825521
3.8 6.038786 0.646433% 0.818516
3.9 6.042143 0.702382% 0.811082
4 6.041244 0.687400% 0.803251
4.1 6.035168 0.586139% 0.795248
4.2 6.010683 0.178043% 0.786813
4.3 6.008661 0.144355% 0.778567
4.4 6.013460 0.224334% 0.770551
4.5 6.022743 0.379053% 0.762634
4.6 6.022139 0.368977% 0.754467
4.7 6.024909 0.415142% 0.746311
4.8 6.020972 0.349527% 0.738277
4.9 6.019586 0.326431% 0.730229
5 6.021970 0.366163% 0.722527
5.1 6.027018 0.450295% 0.714898
5.2 6.026132 0.435527% 0.707146
5.3 6.027255 0.454245% 0.699647
5.4 6.030593 0.509878% 0.692292
5.5 6.021905 0.365079% 0.684800
5.6 6.025108 0.418467% 0.677489
5.7 6.024332 0.405529% 0.670397
5.8 6.016663 0.277723% 0.663252
5.9 6.012744 0.212395% 0.656452
6 6.004000 0.066659% 0.649702
6.1 6.015997 0.266609% 0.643232
6.2 6.007917 0.131942% 0.636486
6.3 6.007575 0.126245% 0.630032
6.4 6.004187 0.069778% 0.623662
6.5 6.009395 0.156578% 0.617440
6.6 6.006723 0.112049% 0.611437
6.7 6.013121 0.218685% 0.605583
6.8 6.010132 0.168874% 0.599616
6.9 6.016703 0.278376% 0.594167
7 6.008205 0.136744% 0.588319
7.1 6.012871 0.214516% 0.582734
7.2 6.005927 0.098791% 0.577312
7.3 6.000573 0.009558% 0.571676
7.4 6.001860 0.031007% 0.566394
7.5 6.000607 0.010112% 0.561204
7.6 6.000386 0.006431% 0.556033
7.7 5.991203 0.146613% 0.550857
7.8 5.992001 0.133309% 0.545928
7.9 5.995728 0.071207% 0.541189
8 5.996682 0.055307% 0.536391
8.1 5.995957 0.067377% 0.531670
8.2 6.001429 0.023820% 0.527037
8.3 5.996979 0.050352% 0.522442
8.4 5.994984 0.083604% 0.517849
8.5 5.987944 0.200940% 0.513448
8.6 5.986590 0.223493% 0.509089
8.7 5.975868 0.402202% 0.504582
8.8 5.976913 0.384776% 0.500425
8.9 5.978650 0.355834% 0.496396
9 5.971015 0.483077% 0.492143
9.1 5.973734 0.437775% 0.488059
9.2 5.970640 0.489327% 0.484025
9.3 5.968305 0.528248% 0.480185
9.4 5.965583 0.573614% 0.476403
9.5 5.967071 0.548812% 0.472670
9.6 5.977729 0.371181% 0.469130
9.7 5.972550 0.457508% 0.465488
9.8 5.979769 0.337188% 0.461970
9.9 5.983343 0.277611% 0.458373
10 5.982997 0.283376% 0.454833
