2900 29292
2901 29347
2902 29357
2903 29516
2904 29715
2905 30139
2906 30499
2907 30724
2908 31187
2909 31419
2910 32249
2911 32675
2912 33255
2913 33788
2914 34060
2915 34713
2916 34961
2917 35465
2918 35695
2919 36784
2920 36463
2921 37132
2922 37712
2923 38318
2924 38726
2925 39344
2926 39483
2927 40504
2928 41054
2929 41499
2930 41853
2931 42723
2932 42914
2933 43711
2934 44715
2935 44827
2936 45544
2937 45753
2938 46419
2939 46558
2940 47085
2941 47552
2942 48537
2943 48249
2944 49273
2945 49351
2946 50728
2947 51340
2948 52487
2949 53515
2950 54343
2951 55760
2952 57045
2953 58964
2954 60296
2955 61926
2956 62230
2957 62793
2958 63500
2959 64931
2960 65996
2961 72884
2962 78854
2963 98886
2964 125610
2965 143479
2966 118341
2967 85911
2968 69623
2969 60699
2970 58642
2971 57514
2972 55831
2973 54855
2974 54255
2975 53172
2976 51031
2977 48747
2978 46331
2979 44268
2980 43146
2981 42871
2982 42667
2983 43061
2984 43087
2985 41644
2986 40582
2987 38398
2988 36316
2989 34353
2990 32486
2991 30162
2992 30218
2993 36866
2994 67708
2995 156778
2996 343386
2997 624314
2998 899774
2999 573268
3000 602453
3001 948551
3002 554519
3003 444992
3004 138371
3005 32839
3006 19556
3007 13284
3008 8557
3009 5172
3010 2848
3011 1628
3012 993
3013 226
