224 250
225 246
225 250
226 246
226 247
226 248
226 250
226 265
226 266
227 248
227 249
227 250
227 251
227 261
227 262
227 263
227 264
227 265
227 266
228 248
228 264
229 248
229 264
229 265
230 248
230 265
231 241
231 242
231 243
231 247
231 248
231 249
231 265
231 267
232 242
232 247
232 248
232 264
232 265
232 266
232 267
233 242
233 247
233 248
233 249
233 266
233 268
233 269
234 241
234 242
234 243
234 244
234 245
234 247
234 249
234 265
234 266
234 267
234 268
235 245
235 246
235 247
235 248
235 259
235 265
235 266
235 267
236 227
236 245
236 246
236 247
236 258
236 259
236 262
236 266
236 267
237 227
237 234
237 245
237 258
237 259
237 262
237 266
237 267
237 268
238 227
238 233
238 234
238 235
238 245
238 249
238 259
238 262
238 263
238 264
238 265
238 266
239 226
239 227
239 235
239 236
239 238
239 239
239 244
239 245
239 246
239 248
239 249
239 250
239 251
239 259
239 261
239 262
240 227
240 228
240 236
240 238
240 239
240 245
240 249
240 257
240 258
240 259
240 260
240 261
241 228
241 232
241 236
241 237
241 238
241 243
241 244
241 245
241 249
241 257
241 259
242 227
242 228
242 229
242 232
242 233
242 238
242 239
242 245
242 246
242 249
242 250
242 257
242 259
242 260
242 261
242 264
242 266
242 267
242 268
242 269
242 270
242 271
243 229
243 230
243 231
243 232
243 233
243 234
243 235
243 236
243 237
243 238
243 239
243 242
243 246
243 247
243 250
243 257
243 259
243 260
243 261
243 262
243 263
243 264
243 265
243 266
243 269
243 278
244 229
244 231
244 233
244 238
244 239
244 240
244 241
244 242
244 243
244 247
244 248
244 250
244 257
244 261
244 269
244 277
244 278
245 231
245 233
245 235
245 236
245 237
245 238
245 239
245 241
245 243
245 248
245 249
245 250
245 251
245 255
245 256
245 257
245 261
245 262
245 277
246 230
246 231
246 234
246 235
246 237
246 239
246 243
246 250
246 251
246 257
246 259
246 261
246 262
246 263
246 277
246 302
247 234
247 239
247 243
247 244
247 245
247 251
247 252
247 257
247 258
247 259
247 260
247 261
247 277
247 302
248 242
248 243
248 244
248 246
248 247
248 252
248 258
248 259
248 261
248 270
248 277
248 281
248 282
248 302
248 303
249 242
249 243
249 244
249 245
249 246
249 247
249 252
249 257
249 258
249 270
249 271
249 277
249 278
249 279
249 281
249 302
250 243
250 244
250 245
250 247
250 248
250 249
250 250
250 251
250 252
250 258
250 263
250 265
250 266
250 270
250 278
250 279
250 280
250 281
250 282
250 293
250 294
250 302
251 245
251 247
251 248
251 249
251 252
251 253
251 256
251 257
251 258
251 263
251 264
251 265
251 266
251 269
251 270
251 278
251 293
251 301
251 302
252 253
252 254
252 255
252 257
252 263
252 269
252 278
252 293
252 294
252 296
252 302
252 304
253 255
253 256
253 257
253 262
253 263
253 269
253 270
253 271
253 272
253 273
253 275
253 277
253 278
253 284
253 285
253 293
253 296
253 300
253 301
253 302
253 303
253 304
253 305
254 256
254 262
254 263
254 269
254 275
254 278
254 285
254 292
254 293
254 295
254 296
254 297
254 301
254 306
254 312
254 314
254 316
254 317
255 235
255 255
255 256
255 257
255 258
255 259
255 260
255 261
255 262
255 263
255 264
255 265
255 266
255 268
255 269
255 272
255 275
255 276
255 277
255 278
255 280
255 285
255 289
255 290
255 292
255 295
255 301
255 302
255 303
255 304
255 305
255 306
255 307
255 308
255 309
255 310
255 311
255 312
255 313
255 314
255 315
255 316
255 317
256 235
256 256
256 259
256 260
256 262
256 265
256 266
256 268
256 269
256 270
256 271
256 272
256 273
256 274
256 275
256 276
256 278
256 280
256 285
256 286
256 287
256 290
256 292
256 295
256 298
256 299
256 300
256 301
256 303
256 306
256 308
257 235
257 236
257 252
257 253
257 254
257 255
257 256
257 260
257 265
257 266
257 267
257 268
257 271
257 272
257 273
257 276
257 277
257 278
257 279
257 280
257 281
257 283
257 286
257 287
257 288
257 289
257 290
257 291
257 292
257 293
257 294
257 295
257 296
257 297
257 298
257 300
257 303
257 308
257 309
258 236
258 237
258 240
258 247
258 248
258 249
258 250
258 251
258 252
258 255
258 256
258 267
258 268
258 269
258 272
258 276
258 277
258 280
258 281
258 282
258 283
258 284
258 285
258 286
258 287
258 289
258 293
258 296
258 297
258 298
258 299
258 300
258 303
258 308
258 309
259 237
259 240
259 255
259 267
259 268
259 272
259 273
259 274
259 280
259 282
259 284
259 285
259 287
259 289
259 290
259 300
259 303
259 309
259 310
260 234
260 235
260 236
260 237
260 238
260 239
260 240
260 241
260 251
260 252
260 253
260 254
260 255
260 256
260 257
260 267
260 271
260 272
260 280
260 287
260 300
260 303
260 309
261 241
261 251
261 252
261 253
261 280
261 287
261 288
261 289
261 290
261 300
261 301
261 302
261 303
262 239
262 240
262 241
262 252
262 253
262 254
262 280
262 281
262 286
262 287
262 290
262 291
262 292
262 300
262 302
263 241
263 242
263 243
263 246
263 252
263 254
263 255
263 260
263 280
263 286
263 287
263 290
263 300
264 242
264 244
264 246
264 249
264 250
264 251
264 252
264 255
264 256
264 257
264 258
264 259
264 260
264 261
264 262
264 290
265 240
265 241
265 242
265 243
265 244
265 245
265 246
265 251
265 262
265 290
265 291
266 237
266 238
266 239
266 240
266 245
266 246
266 247
266 248
266 249
266 250
266 251
266 252
266 262
266 290
267 240
267 245
267 246
267 249
267 250
267 252
267 262
267 288
267 289
267 290
267 291
267 292
267 293
268 241
268 242
268 243
268 244
268 245
268 249
268 252
268 262
268 263
268 288
268 292
269 238
269 249
269 250
269 263
269 288
270 238
270 239
270 241
270 247
270 248
270 249
270 263
270 264
271 238
271 239
271 241
271 243
271 245
271 246
271 247
271 249
271 250
271 251
271 263
272 235
272 238
272 239
272 240
272 241
272 242
272 243
272 244
272 245
272 247
272 249
272 250
272 251
272 252
272 263
272 266
272 270
273 233
273 234
273 235
273 236
273 240
273 243
273 245
273 250
273 251
273 252
273 253
273 254
273 255
273 256
273 263
273 264
273 265
273 266
273 267
273 268
273 269
273 270
273 271
274 231
274 232
274 233
274 235
274 236
274 237
274 238
274 239
274 240
274 245
274 250
274 262
274 263
274 264
274 265
274 268
274 271
274 272
274 273
274 274
274 275
274 276
275 240
275 250
275 262
275 263
275 265
275 268
275 271
275 273
275 274
276 237
276 238
276 239
276 240
276 247
276 248
276 249
276 250
276 251
276 265
276 271
276 274
277 239
277 240
277 248
277 249
277 250
277 251
277 252
277 253
277 254
278 234
278 239
278 248
278 249
278 250
278 251
278 252
278 254
279 234
279 236
279 237
279 239
279 249
279 252
279 253
279 254
279 255
280 228
280 234
280 235
280 236
280 237
280 238
280 239
280 244
280 245
280 246
280 247
280 248
280 249
280 255
280 256
281 227
281 228
281 230
281 239
281 249
281 255
282 225
282 226
282 227
282 228
282 229
282 230
282 231
282 238
282 239
282 249
282 250
282 252
283 226
283 231
283 238
283 249
283 250
283 251
283 252
284 224
284 225
284 226
284 229
284 230
284 231
284 232
284 238
284 251
285 226
285 227
285 231
285 232
285 233
285 234
285 235
285 236
285 237
285 238
285 239
285 240
285 250
285 251
285 252
285 259
286 225
286 226
286 227
286 228
286 229
286 230
286 231
286 234
286 239
286 252
286 253
286 254
286 255
286 256
286 257
286 258
286 259
287 226
287 227
287 234
287 235
287 239
287 252
287 255
287 256
288 226
288 234
288 239
288 252
288 253
288 254
288 255
289 234
289 251
289 252
289 253
290 231
290 232
290 233
290 234
290 235
290 236
290 251
291 235
291 251
292 235
292 250
292 251
292 252
293 228
293 235
293 236
293 250
294 227
294 228
294 229
294 230
294 231
294 232
294 233
294 234
294 235
294 246
294 247
294 248
294 249
294 250
294 251
294 252
294 253
295 227
295 234
295 235
295 248
295 250
296 227
296 235
296 236
296 250
297 226
297 227
297 235
297 249
297 250
298 233
298 234
298 235
299 235
299 236
299 237
299 238
300 234
300 235
300 237
301 233
301 234
301 236
301 237
301 238
301 239
302 230
302 231
302 232
302 233
302 234
302 235
302 238
302 239
303 230
303 234
303 238
304 234
304 238
305 234
306 232
306 233
306 234
306 235
307 235
308 231
308 235
309 231
309 232
309 233
309 234
309 235
309 236
309 237
310 232
310 235
310 237
