172 277
172 278
172 279
173 277
173 278
174 276
174 277
174 278
174 279
175 277
176 277
177 277
177 278
177 280
177 281
178 278
178 280
178 294
179 275
179 276
179 277
179 278
179 280
179 294
180 278
180 280
180 281
180 282
180 287
180 293
180 294
180 299
181 226
181 278
181 279
181 280
181 285
181 286
181 287
181 294
181 299
182 226
182 227
182 279
182 283
182 284
182 285
182 294
182 295
182 296
182 297
182 298
182 299
183 225
183 226
183 236
183 273
183 274
183 275
183 276
183 277
183 278
183 279
183 280
183 281
183 283
183 294
183 295
184 226
184 236
184 237
184 238
184 239
184 274
184 275
184 281
184 282
184 283
184 284
184 294
184 295
185 226
185 227
185 238
185 244
185 245
185 275
185 282
185 284
185 295
185 296
185 299
185 300
185 301
185 302
186 226
186 238
186 239
186 240
186 244
186 245
186 282
186 295
186 299
187 225
187 226
187 240
187 242
187 243
187 244
187 279
187 281
187 282
187 295
187 299
188 226
188 240
188 241
188 242
188 243
188 279
188 280
188 281
188 282
188 285
188 292
188 293
188 294
188 295
188 296
188 297
188 298
188 299
188 300
188 301
189 202
189 223
189 224
189 225
189 226
189 241
189 242
189 282
189 283
189 284
189 285
189 293
189 297
190 202
190 225
190 227
190 229
190 230
190 241
190 271
190 280
190 281
190 282
190 283
190 284
190 293
191 202
191 203
191 225
191 227
191 230
191 241
191 247
191 248
191 271
191 272
191 283
191 284
191 285
191 286
191 293
191 342
191 344
192 201
192 202
192 203
192 204
192 205
192 224
192 225
192 226
192 227
192 228
192 229
192 230
192 231
192 241
192 242
192 245
192 246
192 247
192 248
192 254
192 272
192 283
192 284
192 293
192 294
192 295
192 296
192 342
192 343
192 344
193 204
193 226
193 229
193 231
193 241
193 246
193 254
193 271
193 272
193 284
193 287
193 288
193 289
193 290
193 291
193 292
193 293
193 296
193 297
193 338
193 342
193 343
194 200
194 201
194 204
194 229
194 231
194 232
194 241
194 242
194 246
194 254
194 272
194 283
194 284
194 285
194 287
194 293
194 294
194 338
194 342
194 345
195 201
195 202
195 203
195 204
195 229
195 231
195 237
195 241
195 246
195 250
195 254
195 268
195 272
195 283
195 284
195 287
195 288
195 289
195 294
195 338
195 339
195 340
195 341
195 342
195 345
196 203
196 224
196 225
196 229
196 230
196 231
196 236
196 237
196 238
196 241
196 242
196 246
196 250
196 251
196 252
196 253
196 254
196 255
196 256
196 268
196 272
196 273
196 284
196 285
196 286
196 287
196 289
196 340
196 341
196 343
196 345
196 349
197 203
197 204
197 205
197 225
197 226
197 231
197 232
197 233
197 237
197 239
197 240
197 241
197 246
197 247
197 248
197 250
197 251
197 268
197 269
197 273
197 276
197 277
197 283
197 284
197 287
197 289
197 338
197 340
197 341
197 343
197 344
197 345
197 349
198 203
198 226
198 233
198 234
198 237
198 241
198 242
198 248
198 249
198 250
198 269
198 271
198 272
198 273
198 274
198 275
198 276
198 283
198 284
198 337
198 338
198 340
198 343
198 344
198 345
198 349
199 203
199 226
199 233
199 234
199 235
199 236
199 237
199 240
199 241
199 249
199 254
199 267
199 268
199 269
199 273
199 282
199 283
199 335
199 336
199 337
199 338
199 339
199 340
199 342
199 343
199 349
200 203
200 205
200 226
200 228
200 237
200 238
200 239
200 240
200 241
200 249
200 252
200 253
200 254
200 269
200 271
200 273
200 274
200 275
200 283
200 284
200 340
200 341
200 342
200 345
200 347
200 348
200 349
200 350
201 187
201 201
201 202
201 203
201 204
201 205
201 224
201 225
201 226
201 227
201 228
201 231
201 232
201 237
201 238
201 239
201 249
201 252
201 253
201 268
201 269
201 270
201 271
201 273
201 282
201 283
201 284
201 285
201 286
201 342
201 345
201 346
201 347
201 348
202 186
202 187
202 194
202 200
202 201
202 202
202 203
202 228
202 231
202 233
202 237
202 238
202 248
202 249
202 250
202 251
202 252
202 271
202 272
202 273
202 282
202 285
202 342
202 343
202 345
203 187
203 188
203 189
203 190
203 194
203 197
203 202
203 203
203 227
203 228
203 229
203 230
203 231
203 232
203 233
203 234
203 238
203 250
203 273
203 277
203 281
203 282
203 342
203 344
203 345
203 346
203 347
204 190
204 194
204 195
204 197
204 199
204 202
204 228
204 234
204 238
204 239
204 250
204 273
204 274
204 276
204 277
204 281
204 337
204 338
204 341
204 342
204 343
204 344
204 345
205 189
205 190
205 191
205 192
205 193
205 194
205 195
205 196
205 197
205 198
205 199
205 200
205 202
205 203
205 227
205 228
205 234
205 237
205 238
205 250
205 271
205 273
205 277
205 278
205 279
205 280
205 281
205 330
205 331
205 332
205 337
205 338
205 341
205 344
206 199
206 202
206 220
206 221
206 233
206 234
206 235
206 236
206 237
206 250
206 271
206 273
206 274
206 275
206 276
206 277
206 278
206 280
206 287
206 332
206 333
206 334
206 335
206 338
206 340
206 341
206 344
207 199
207 200
207 201
207 202
207 221
207 234
207 237
207 240
207 241
207 250
207 269
207 270
207 271
207 272
207 273
207 276
207 280
207 281
207 282
207 283
207 284
207 285
207 286
207 287
207 335
207 337
207 338
207 339
207 340
208 198
208 199
208 202
208 220
208 221
208 236
208 237
208 238
208 239
208 240
208 241
208 248
208 250
208 251
208 252
208 253
208 268
208 271
208 286
208 335
208 338
209 202
209 203
209 204
209 221
209 222
209 223
209 238
209 245
209 246
209 247
209 248
209 249
209 250
209 251
209 268
209 269
209 270
209 271
209 286
209 287
209 288
209 332
209 335
209 336
209 337
209 338
210 200
210 201
210 202
210 222
210 238
210 249
210 250
210 268
210 269
210 288
210 289
210 332
210 333
210 334
210 335
210 338
210 339
211 200
211 202
211 222
211 223
211 235
211 237
211 238
211 249
211 269
211 289
211 334
211 335
212 193
212 194
212 201
212 202
212 223
212 233
212 234
212 235
212 236
212 237
212 238
212 239
212 246
212 247
212 249
212 267
212 269
212 270
212 271
212 278
212 335
212 336
212 337
213 187
213 193
213 194
213 195
213 196
213 197
213 198
213 199
213 200
213 201
213 217
213 218
213 219
213 223
213 239
213 240
213 247
213 248
213 249
213 250
213 251
213 265
213 266
213 267
213 268
213 269
213 270
213 274
213 275
213 278
213 332
213 333
213 334
213 335
214 182
214 183
214 187
214 201
214 202
214 219
214 223
214 224
214 239
214 240
214 248
214 268
214 270
214 274
214 277
214 278
214 279
214 280
214 284
214 285
214 335
215 183
215 184
215 185
215 186
215 187
215 188
215 190
215 191
215 200
215 201
215 219
215 221
215 224
215 238
215 239
215 244
215 245
215 248
215 267
215 268
215 270
215 273
215 274
215 275
215 276
215 277
215 280
215 283
215 284
215 285
215 335
215 338
215 339
216 185
216 186
216 188
216 189
216 190
216 191
216 192
216 193
216 200
216 219
216 220
216 221
216 223
216 224
216 237
216 238
216 239
216 245
216 246
216 247
216 248
216 268
216 269
216 270
216 271
216 273
216 280
216 281
216 282
216 283
216 335
216 338
216 346
217 186
217 188
217 190
217 191
217 193
217 194
217 197
217 200
217 201
217 219
217 220
217 221
217 223
217 224
217 239
217 243
217 245
217 248
217 267
217 268
217 273
217 335
217 336
217 337
217 338
217 343
217 344
217 345
217 346
217 347
217 348
218 190
218 193
218 194
218 195
218 196
218 197
218 198
218 199
218 200
218 201
218 203
218 221
218 222
218 223
218 239
218 240
218 241
218 242
218 243
218 245
218 248
218 264
218 268
218 273
218 335
218 343
218 344
218 345
219 193
219 196
219 200
219 201
219 202
219 203
219 205
219 216
219 219
219 223
219 238
219 243
219 245
219 248
219 264
219 268
219 272
219 273
219 274
219 275
219 276
219 334
219 335
219 342
219 343
219 366
219 367
220 201
220 203
220 204
220 205
220 216
220 217
220 218
220 219
220 220
220 221
220 222
220 223
220 224
220 225
220 226
220 238
220 239
220 240
220 241
220 242
220 243
220 244
220 245
220 246
220 247
220 248
220 249
220 250
220 264
220 268
220 269
220 270
220 271
220 272
220 274
220 332
220 333
220 334
220 335
220 336
220 339
220 341
220 342
220 365
220 366
220 381
221 204
221 205
221 218
221 222
221 223
221 237
221 238
221 240
221 247
221 264
221 265
221 266
221 267
221 268
221 274
221 335
221 336
221 337
221 338
221 339
221 341
221 342
221 365
221 375
221 378
221 379
221 381
222 204
222 223
222 224
222 246
222 247
222 249
222 261
222 262
222 267
222 274
222 338
222 341
222 343
222 347
222 365
222 366
222 375
222 379
222 380
222 381
222 382
223 204
223 205
223 221
223 222
223 223
223 224
223 226
223 247
223 248
223 249
223 250
223 251
223 252
223 253
223 261
223 262
223 263
223 267
223 337
223 338
223 339
223 340
223 341
223 342
223 343
223 346
223 347
223 348
223 349
223 350
223 365
223 375
223 377
223 379
224 204
224 205
224 224
224 225
224 226
224 246
224 248
224 249
224 250
224 262
224 267
224 339
224 341
224 346
224 347
224 364
224 365
224 373
224 374
224 375
224 376
224 377
224 378
224 379
224 380
224 381
224 382
225 204
225 224
225 225
225 246
225 250
225 262
225 266
225 267
225 268
225 339
225 343
225 344
225 345
225 346
225 364
225 365
225 367
225 372
225 373
225 380
226 201
226 204
226 205
226 225
226 245
226 246
226 247
226 248
226 250
226 262
226 265
226 266
226 339
226 340
226 343
226 365
226 366
226 367
226 373
226 375
226 376
226 380
227 198
227 199
227 200
227 201
227 204
227 205
227 225
227 248
227 249
227 250
227 251
227 261
227 262
227 263
227 264
227 265
227 266
227 267
227 268
227 339
227 343
227 367
227 370
227 373
227 375
228 188
228 198
228 199
228 201
228 202
228 203
228 204
228 205
228 222
228 223
228 224
228 225
228 239
228 248
228 264
228 339
228 341
228 343
228 346
228 363
228 367
228 370
228 372
228 373
228 374
228 375
229 185
229 188
229 198
229 199
229 202
229 204
229 205
229 225
229 239
229 248
229 264
229 265
229 339
229 341
229 342
229 343
229 344
229 345
229 346
229 347
229 363
229 365
229 367
229 370
229 371
229 372
229 375
229 376
230 185
230 186
230 187
230 188
230 199
230 205
230 207
230 224
230 225
230 238
230 239
230 243
230 248
230 265
230 267
230 324
230 338
230 339
230 340
230 341
230 345
230 363
230 364
230 365
230 366
230 367
230 368
230 369
230 370
231 188
231 192
231 193
231 196
231 199
231 205
231 206
231 207
231 208
231 220
231 225
231 238
231 239
231 240
231 241
231 242
231 243
231 247
231 248
231 249
231 265
231 267
231 274
231 323
231 324
231 340
231 345
231 362
231 363
231 364
231 370
231 371
231 372
231 373
231 374
232 186
232 187
232 188
232 189
232 193
232 196
232 199
232 202
232 207
232 220
232 221
232 222
232 225
232 227
232 228
232 229
232 230
232 242
232 247
232 248
232 264
232 265
232 266
232 267
232 269
232 270
232 271
232 272
232 273
232 274
232 321
232 322
232 323
232 337
232 338
232 339
232 340
232 362
232 363
233 189
233 190
233 191
233 192
233 193
233 194
233 195
233 196
233 197
233 199
233 200
233 201
233 202
233 203
233 207
233 221
233 222
233 224
233 225
233 226
233 227
233 228
233 229
233 242
233 247
233 248
233 249
233 266
233 268
233 269
233 272
233 301
233 302
233 322
233 323
233 339
233 340
233 354
233 355
233 360
233 361
233 362
233 363
234 193
234 197
234 198
234 199
234 203
234 204
234 207
234 208
234 209
234 222
234 223
234 224
234 225
234 227
234 239
234 240
234 241
234 242
234 243
234 244
234 245
234 247
234 249
234 259
234 265
234 266
234 267
234 268
234 301
234 315
234 322
234 323
234 339
234 341
234 354
234 355
234 361
234 362
234 363
234 364
235 199
235 204
235 207
235 208
235 209
235 216
235 225
235 227
235 233
235 245
235 246
235 247
235 248
235 259
235 265
235 266
235 267
235 300
235 301
235 315
235 316
235 317
235 322
235 324
235 339
235 340
235 341
235 350
235 354
235 361
236 203
236 204
236 205
236 206
236 207
236 209
236 210
236 211
236 212
236 216
236 225
236 226
236 227
236 233
236 234
236 245
236 246
236 247
236 258
236 259
236 262
236 266
236 267
236 301
236 316
236 322
236 323
236 324
236 325
236 339
236 350
236 352
236 353
236 354
236 360
236 361
236 362
237 174
237 175
237 202
237 203
237 210
237 211
237 212
237 216
237 217
237 227
237 234
237 245
237 258
237 259
237 262
237 266
237 267
237 268
237 279
237 280
237 281
237 301
237 302
237 314
237 315
237 316
237 322
237 323
237 324
237 335
237 339
237 347
237 350
237 352
237 353
237 360
237 361
237 362
238 175
238 212
238 216
238 220
238 227
238 233
238 234
238 235
238 245
238 249
238 259
238 262
238 263
238 264
238 265
238 266
238 279
238 301
238 315
238 316
238 321
238 322
238 335
238 338
238 339
238 340
238 347
238 348
238 350
238 351
238 352
238 353
238 357
238 360
238 376
238 378
239 174
239 175
239 208
239 212
239 216
239 217
239 220
239 223
239 225
239 226
239 227
239 235
239 236
239 238
239 239
239 244
239 245
239 246
239 248
239 249
239 250
239 251
239 259
239 261
239 262
239 279
239 298
239 301
239 315
239 316
239 321
239 322
239 335
239 336
239 338
239 347
239 349
239 350
239 357
239 358
239 360
239 361
239 370
239 371
239 372
239 375
239 376
239 377
239 378
240 175
240 184
240 196
240 197
240 198
240 199
240 200
240 204
240 208
240 212
240 213
240 215
240 217
240 218
240 219
240 220
240 221
240 223
240 225
240 227
240 228
240 236
240 238
240 239
240 245
240 249
240 257
240 258
240 259
240 260
240 261
240 279
240 297
240 298
240 299
240 301
240 302
240 316
240 321
240 333
240 336
240 338
240 343
240 344
240 345
240 346
240 347
240 349
240 356
240 357
240 361
240 364
240 365
240 370
240 371
240 374
240 375
241 172
241 175
241 182
241 184
241 185
241 186
241 189
241 200
241 201
241 204
241 207
241 208
241 209
241 210
241 211
241 212
241 213
241 214
241 215
241 216
241 217
241 218
241 221
241 222
241 223
241 224
241 225
241 228
241 232
241 236
241 237
241 238
241 243
241 244
241 245
241 249
241 257
241 259
241 279
241 285
241 299
241 300
241 301
241 316
241 317
241 321
241 333
241 334
241 335
241 336
241 337
241 338
241 339
241 340
241 341
241 342
241 343
241 347
241 349
241 354
241 357
241 358
241 359
241 360
241 361
241 362
241 363
241 364
241 366
241 367
241 370
241 372
241 373
241 374
241 375
241 376
241 379
241 394
242 172
242 173
242 174
242 175
242 180
242 182
242 185
242 187
242 189
242 196
242 201
242 202
242 203
242 204
242 207
242 211
242 212
242 213
242 215
242 218
242 221
242 222
242 223
242 227
242 228
242 229
242 232
242 233
242 238
242 239
242 245
242 246
242 249
242 250
242 257
242 259
242 260
242 261
242 264
242 266
242 267
242 268
242 269
242 270
242 271
242 279
242 280
242 281
242 282
242 283
242 284
242 285
242 301
242 303
242 317
242 321
242 326
242 331
242 334
242 337
242 339
242 340
242 347
242 348
242 349
242 350
242 352
242 353
242 354
242 357
242 361
242 364
242 365
242 366
242 369
242 370
242 371
242 372
242 379
242 383
242 384
242 394
242 395
242 396
243 166
243 168
243 171
243 175
243 177
243 179
243 180
243 181
243 182
243 183
243 184
243 185
243 186
243 187
243 188
243 189
243 190
243 191
243 192
243 193
243 194
243 195
243 196
243 197
243 198
243 201
243 202
243 203
243 204
243 205
243 206
243 207
243 210
243 211
243 213
243 218
243 221
243 222
243 229
243 230
243 231
243 232
243 233
243 234
243 235
243 236
243 237
243 238
243 239
243 242
243 246
243 247
243 250
243 257
243 259
243 260
243 261
243 262
243 263
243 264
243 265
243 266
243 269
243 278
243 279
243 285
243 301
243 302
243 303
243 314
243 315
243 316
243 317
243 318
243 319
243 320
243 321
243 322
243 323
243 326
243 327
243 331
243 332
243 334
243 338
243 339
243 340
243 341
243 342
243 343
243 348
243 349
243 350
243 352
243 354
243 355
243 356
243 357
243 358
243 359
243 361
243 366
243 369
243 372
243 373
243 374
243 375
243 378
243 379
243 380
243 381
243 382
243 383
243 385
243 389
243 390
243 391
243 392
243 393
243 394
243 395
244 166
244 167
244 168
244 169
244 171
244 172
244 173
244 174
244 175
244 176
244 177
244 179
244 183
244 187
244 189
244 191
244 194
244 195
244 196
244 197
244 198
244 199
244 200
244 201
244 203
244 207
244 210
244 213
244 217
244 218
244 222
244 223
244 229
244 231
244 233
244 238
244 239
244 240
244 241
244 242
244 243
244 247
244 248
244 250
244 257
244 261
244 269
244 277
244 278
244 300
244 301
244 303
244 319
244 320
244 326
244 332
244 333
244 334
244 342
244 350
244 351
244 352
244 356
244 358
244 359
244 360
244 366
244 367
244 368
244 369
244 374
244 375
244 376
244 377
244 378
244 379
244 380
244 383
244 384
244 385
244 386
244 387
244 388
244 389
244 390
244 391
244 395
245 167
245 169
245 170
245 171
245 172
245 174
245 175
245 177
245 178
245 179
245 186
245 187
245 188
245 194
245 196
245 197
245 200
245 202
245 203
245 205
245 206
245 207
245 217
245 218
245 231
245 233
245 235
245 236
245 237
245 238
245 239
245 241
245 243
245 248
245 249
245 250
245 251
245 255
245 256
245 257
245 261
245 262
245 277
245 300
245 301
245 302
245 303
245 320
245 326
245 328
245 332
245 342
245 351
245 352
245 353
245 360
245 368
245 375
245 379
245 380
245 385
245 388
245 389
246 169
246 170
246 174
246 175
246 177
246 178
246 179
246 186
246 200
246 203
246 206
246 230
246 231
246 234
246 235
246 237
246 239
246 243
246 250
246 251
246 257
246 259
246 261
246 262
246 263
246 277
246 300
246 301
246 302
246 304
246 305
246 319
246 320
246 321
246 326
246 328
246 330
246 331
246 332
246 335
246 336
246 353
246 354
246 368
246 369
246 375
246 389
247 174
247 177
247 178
247 179
247 186
247 200
247 203
247 204
247 230
247 234
247 238
247 239
247 243
247 244
247 245
247 251
247 252
247 257
247 258
247 259
247 260
247 261
247 277
247 281
247 301
247 302
247 304
247 319
247 326
247 327
247 328
247 329
247 330
247 332
247 333
247 334
247 335
247 352
247 353
247 354
247 355
247 368
247 375
247 389
248 179
248 204
248 229
248 230
248 231
248 234
248 242
248 243
248 244
248 246
248 247
248 252
248 258
248 259
248 261
248 270
248 277
248 281
248 282
248 283
248 302
248 303
248 304
248 305
248 319
248 322
248 323
248 324
248 325
248 326
248 328
248 330
248 334
248 335
248 336
248 354
248 368
248 369
248 370
248 375
248 389
249 179
249 204
249 242
249 243
249 244
249 245
249 246
249 247
249 252
249 257
249 258
249 270
249 271
249 277
249 278
249 279
249 281
249 291
249 292
249 293
249 294
249 302
249 319
249 321
249 322
249 330
249 334
249 335
249 353
249 354
249 360
249 362
249 369
249 375
249 376
249 377
249 389
250 179
250 203
250 204
250 243
250 244
250 245
250 247
250 248
250 249
250 250
250 251
250 252
250 258
250 263
250 265
250 266
250 270
250 278
250 279
250 280
250 281
250 282
250 292
250 293
250 294
250 302
250 319
250 320
250 321
250 335
250 336
250 337
250 338
250 339
250 340
250 353
250 354
250 355
250 356
250 357
250 358
250 359
250 360
250 361
250 362
250 363
250 375
250 377
250 380
250 381
250 382
250 383
250 384
250 389
250 390
251 179
251 245
251 247
251 248
251 249
251 252
251 253
251 256
251 257
251 258
251 263
251 264
251 265
251 266
251 269
251 270
251 278
251 293
251 301
251 302
251 316
251 319
251 320
251 321
251 322
251 334
251 335
251 337
251 340
251 341
251 343
251 353
251 354
251 356
251 360
251 362
251 363
251 364
251 365
251 377
251 378
251 379
251 380
251 381
251 382
251 384
251 385
252 253
252 254
252 255
252 257
252 263
252 269
252 278
252 292
252 293
252 294
252 296
252 297
252 302
252 304
252 316
252 318
252 319
252 320
252 326
252 327
252 340
252 341
252 343
252 356
252 357
252 360
252 362
252 378
252 380
253 255
253 256
253 257
253 262
253 263
253 269
253 270
253 271
253 272
253 273
253 275
253 277
253 278
253 284
253 285
253 293
253 296
253 300
253 301
253 302
253 303
253 304
253 305
253 312
253 316
253 318
253 325
253 326
253 340
253 341
253 342
253 343
253 344
253 345
253 356
253 359
253 360
253 362
253 363
253 364
253 365
253 378
254 256
254 262
254 263
254 269
254 275
254 278
254 285
254 292
254 293
254 295
254 296
254 297
254 301
254 306
254 312
254 314
254 316
254 317
254 318
254 319
254 325
254 340
254 343
254 344
254 345
254 355
254 356
254 359
254 362
255 234
255 235
255 255
255 256
255 257
255 258
255 259
255 260
255 261
255 262
255 263
255 264
255 265
255 266
255 268
255 269
255 272
255 275
255 276
255 277
255 278
255 280
255 285
255 289
255 290
255 292
255 295
255 301
255 302
255 303
255 304
255 305
255 306
255 307
255 308
255 309
255 310
255 311
255 312
255 313
255 314
255 315
255 316
255 317
255 319
255 320
255 322
255 325
255 339
255 340
255 343
255 356
255 362
255 363
256 231
256 232
256 235
256 256
256 259
256 260
256 262
256 265
256 266
256 268
256 269
256 270
256 271
256 272
256 273
256 274
256 275
256 276
256 278
256 280
256 285
256 286
256 287
256 290
256 292
256 295
256 298
256 299
256 300
256 301
256 303
256 306
256 308
256 317
256 320
256 321
256 322
256 323
256 324
256 325
256 340
256 343
256 344
256 354
256 355
256 356
256 363
256 364
256 365
257 232
257 233
257 234
257 235
257 236
257 252
257 253
257 254
257 255
257 256
257 260
257 265
257 266
257 267
257 268
257 271
257 272
257 273
257 276
257 277
257 278
257 279
257 280
257 281
257 283
257 286
257 287
257 288
257 289
257 290
257 291
257 292
257 293
257 294
257 295
257 296
257 297
257 298
257 300
257 303
257 308
257 309
257 317
257 320
257 322
257 323
257 342
257 343
257 344
257 345
257 354
257 356
257 363
257 364
258 236
258 237
258 240
258 247
258 248
258 249
258 250
258 251
258 252
258 255
258 256
258 267
258 268
258 269
258 272
258 276
258 277
258 280
258 281
258 282
258 283
258 284
258 285
258 286
258 287
258 289
258 293
258 296
258 297
258 298
258 299
258 300
258 303
258 308
258 309
258 317
258 318
258 323
258 324
258 326
258 342
258 344
258 356
258 361
258 363
259 237
259 240
259 255
259 267
259 268
259 272
259 273
259 274
259 280
259 282
259 284
259 285
259 287
259 289
259 290
259 293
259 300
259 303
259 309
259 310
259 311
259 317
259 323
259 324
259 326
259 327
259 328
259 329
259 330
259 331
259 342
259 344
259 345
259 361
259 363
259 364
260 234
260 235
260 236
260 237
260 238
260 239
260 240
260 241
260 251
260 252
260 253
260 254
260 255
260 256
260 257
260 267
260 271
260 272
260 279
260 280
260 287
260 300
260 303
260 308
260 309
260 311
260 317
260 323
260 324
260 325
260 326
260 327
260 341
260 342
260 343
260 345
260 361
260 362
260 363
260 364
260 367
261 241
261 251
261 252
261 253
261 280
261 287
261 288
261 289
261 290
261 300
261 301
261 302
261 303
261 307
261 308
261 311
261 312
261 322
261 323
261 324
261 325
261 327
261 342
261 345
261 361
261 364
261 365
261 366
261 367
261 368
261 370
261 371
262 239
262 240
262 241
262 252
262 253
262 254
262 280
262 281
262 286
262 287
262 290
262 291
262 292
262 300
262 302
262 307
262 308
262 312
262 313
262 322
262 326
262 341
262 342
262 343
262 344
262 361
262 365
262 368
262 369
262 370
262 372
262 373
262 374
263 241
263 242
263 243
263 246
263 252
263 254
263 255
263 260
263 280
263 286
263 287
263 290
263 300
263 302
263 307
263 308
263 309
263 310
263 311
263 313
263 314
263 315
263 322
263 323
263 324
263 325
263 326
263 343
263 361
263 365
263 366
263 369
263 370
263 371
263 372
263 374
263 375
264 242
264 244
264 246
264 249
264 250
264 251
264 252
264 255
264 256
264 257
264 258
264 259
264 260
264 261
264 262
264 290
264 302
264 307
264 311
264 313
264 315
264 322
264 324
264 326
264 329
264 330
264 331
264 332
264 333
264 343
264 366
264 370
264 372
265 240
265 241
265 242
265 243
265 244
265 245
265 246
265 251
265 262
265 290
265 291
265 301
265 302
265 303
265 307
265 322
265 326
265 327
265 328
265 329
265 330
265 331
265 343
265 344
265 364
265 365
265 366
265 367
265 372
266 236
266 237
266 238
266 239
266 240
266 245
266 246
266 247
266 248
266 249
266 250
266 251
266 252
266 262
266 290
266 293
266 294
266 307
266 308
266 321
266 322
266 327
266 328
266 330
266 344
266 363
266 364
266 372
267 240
267 245
267 246
267 249
267 250
267 252
267 262
267 288
267 289
267 290
267 291
267 292
267 293
267 307
267 321
267 327
267 328
267 330
267 331
267 332
267 344
267 361
267 362
267 363
267 372
268 241
268 242
268 243
268 244
268 245
268 249
268 252
268 262
268 263
268 288
268 292
268 307
268 321
268 322
268 327
268 330
268 360
268 361
268 372
269 238
269 249
269 250
269 263
269 288
269 289
269 292
269 293
269 306
269 307
269 321
269 327
269 330
269 372
269 373
270 238
270 239
270 241
270 247
270 248
270 249
270 263
270 264
270 288
270 292
270 293
270 294
270 307
270 308
270 309
270 310
270 313
270 321
270 322
270 323
270 324
270 327
270 372
271 233
271 238
271 239
271 241
271 243
271 245
271 246
271 247
271 249
271 250
271 251
271 263
271 288
271 292
271 294
271 295
271 308
271 310
271 311
271 312
271 313
271 314
271 315
271 321
271 327
272 222
272 233
272 235
272 238
272 239
272 240
272 241
272 242
272 243
272 244
272 245
272 247
272 249
272 250
272 251
272 252
272 263
272 266
272 270
272 287
272 288
272 289
272 292
272 294
272 295
272 308
272 315
272 321
272 322
272 323
272 327
273 222
273 233
273 234
273 235
273 236
273 240
273 243
273 245
273 250
273 251
273 252
273 253
273 254
273 255
273 256
273 263
273 264
273 265
273 266
273 267
273 268
273 269
273 270
273 271
273 276
273 291
273 292
273 295
273 307
273 308
273 309
273 315
273 316
273 321
274 209
274 222
274 223
274 224
274 225
274 226
274 227
274 228
274 229
274 230
274 231
274 232
274 233
274 235
274 236
274 237
274 238
274 239
274 240
274 245
274 250
274 262
274 263
274 264
274 265
274 268
274 271
274 272
274 273
274 274
274 275
274 276
274 292
274 305
274 306
274 307
274 309
274 310
274 316
274 317
274 321
274 322
275 186
275 208
275 209
275 210
275 211
275 228
275 229
275 240
275 250
275 262
275 263
275 265
275 268
275 271
275 273
275 274
275 292
275 307
275 316
275 317
275 321
276 186
276 187
276 211
276 212
276 237
276 238
276 239
276 240
276 247
276 248
276 249
276 250
276 251
276 265
276 271
276 274
276 291
276 292
276 293
276 307
276 317
276 321
276 322
276 323
276 324
277 187
277 211
277 212
277 239
277 240
277 248
277 249
277 250
277 251
277 252
277 253
277 254
277 265
277 271
277 274
277 275
277 276
277 277
277 292
277 293
277 295
277 307
277 317
277 321
277 324
277 325
277 326
277 327
277 328
277 329
278 178
278 180
278 186
278 187
278 188
278 211
278 234
278 239
278 248
278 249
278 250
278 251
278 252
278 254
278 265
278 274
278 277
278 280
278 291
278 292
278 293
278 294
278 295
278 307
278 308
278 316
278 317
278 324
278 327
278 328
279 178
279 179
279 180
279 188
279 198
279 210
279 211
279 219
279 234
279 236
279 237
279 239
279 249
279 252
279 253
279 254
279 255
279 256
279 265
279 276
279 277
279 278
279 279
279 280
279 293
279 295
279 306
279 307
279 316
279 323
279 324
280 173
280 174
280 175
280 176
280 177
280 178
280 179
280 180
280 181
280 182
280 188
280 189
280 198
280 199
280 211
280 213
280 215
280 219
280 228
280 234
280 235
280 236
280 237
280 238
280 239
280 244
280 245
280 246
280 247
280 248
280 249
280 255
280 256
280 278
280 290
280 291
280 292
280 293
280 295
280 296
280 297
280 305
280 306
280 307
280 314
280 315
280 316
280 323
280 324
280 325
280 326
281 173
281 175
281 181
281 182
281 185
281 188
281 199
281 200
281 201
281 205
281 206
281 207
281 208
281 209
281 210
281 211
281 212
281 213
281 214
281 215
281 216
281 217
281 219
281 227
281 228
281 230
281 239
281 249
281 255
281 277
281 278
281 279
281 290
281 291
281 296
281 306
281 307
281 316
281 325
281 326
281 327
281 328
282 182
282 183
282 184
282 185
282 186
282 187
282 188
282 201
282 212
282 217
282 218
282 219
282 225
282 226
282 227
282 228
282 229
282 230
282 231
282 238
282 239
282 249
282 250
282 252
282 279
282 291
282 296
282 306
282 316
282 323
282 324
282 325
282 327
283 182
283 184
283 188
283 189
283 190
283 201
283 202
283 203
283 208
283 211
283 212
283 219
283 221
283 222
283 226
283 231
283 238
283 249
283 250
283 251
283 252
283 296
283 323
283 325
283 327
283 328
284 188
284 202
284 203
284 204
284 208
284 209
284 210
284 211
284 218
284 219
284 220
284 221
284 222
284 223
284 224
284 225
284 226
284 229
284 230
284 231
284 232
284 238
284 251
284 261
284 296
284 297
284 324
284 325
284 327
285 153
285 186
285 187
285 188
285 202
285 204
285 209
285 218
285 220
285 221
285 226
285 227
285 231
285 232
285 233
285 234
285 235
285 236
285 237
285 238
285 239
285 240
285 250
285 251
285 252
285 259
285 260
285 261
285 296
285 324
285 325
285 327
286 153
286 154
286 175
286 188
286 193
286 200
286 204
286 208
286 209
286 217
286 218
286 225
286 226
286 227
286 228
286 229
286 230
286 231
286 234
286 239
286 252
286 253
286 254
286 255
286 256
286 257
286 258
286 259
286 260
286 296
286 297
286 325
286 326
286 327
286 328
287 153
287 154
287 155
287 156
287 161
287 162
287 172
287 173
287 174
287 175
287 176
287 188
287 189
287 193
287 200
287 201
287 204
287 209
287 217
287 218
287 226
287 227
287 234
287 235
287 239
287 252
287 255
287 256
287 259
287 260
287 296
287 297
287 298
287 299
287 325
288 153
288 154
288 155
288 156
288 159
288 162
288 176
288 188
288 193
288 201
288 202
288 203
288 204
288 205
288 206
288 207
288 208
288 209
288 225
288 226
288 234
288 239
288 252
288 253
288 254
288 255
288 260
288 261
288 294
288 295
288 296
288 298
288 325
289 156
289 157
289 158
289 159
289 160
289 161
289 162
289 164
289 173
289 176
289 187
289 188
289 189
289 190
289 191
289 192
289 193
289 194
289 195
289 196
289 197
289 202
289 203
289 206
289 209
289 210
289 226
289 234
289 251
289 252
289 253
289 296
289 297
289 324
289 325
289 326
289 327
290 155
290 156
290 162
290 164
290 166
290 172
290 173
290 174
290 176
290 177
290 188
290 189
290 190
290 191
290 193
290 197
290 198
290 199
290 200
290 201
290 202
290 206
290 208
290 209
290 226
290 231
290 232
290 233
290 234
290 235
290 236
290 251
291 154
291 155
291 156
291 161
291 162
291 163
291 164
291 166
291 167
291 174
291 175
291 176
291 177
291 188
291 191
291 198
291 199
291 202
291 203
291 235
291 251
292 155
292 159
292 160
292 161
292 163
292 164
292 165
292 166
292 167
292 168
292 174
292 176
292 177
292 178
292 179
292 180
292 181
292 182
292 183
292 184
292 185
292 186
292 187
292 188
292 191
292 192
292 196
292 197
292 198
292 203
292 235
292 250
292 251
292 252
292 262
293 168
293 169
293 174
293 175
293 176
293 179
293 183
293 184
293 187
293 188
293 191
293 195
293 196
293 202
293 203
293 228
293 235
293 236
293 250
293 258
293 259
293 260
293 261
293 262
293 263
294 163
294 169
294 173
294 174
294 178
294 179
294 188
294 196
294 197
294 200
294 201
294 202
294 203
294 225
294 227
294 228
294 229
294 230
294 231
294 232
294 233
294 234
294 235
294 246
294 247
294 248
294 249
294 250
294 251
294 252
294 253
294 254
294 255
294 256
294 257
294 258
294 261
294 263
294 266
294 267
294 268
295 163
295 164
295 168
295 169
295 170
295 171
295 172
295 173
295 176
295 177
295 178
295 186
295 187
295 188
295 189
295 197
295 199
295 200
295 203
295 225
295 227
295 234
295 235
295 248
295 250
295 258
295 263
295 264
295 265
295 266
296 163
296 164
296 165
296 168
296 170
296 172
296 177
296 186
296 187
296 195
296 196
296 197
296 203
296 204
296 213
296 214
296 215
296 216
296 217
296 218
296 224
296 225
296 227
296 235
296 236
296 250
296 258
296 259
296 266
297 160
297 161
297 163
297 165
297 166
297 167
297 168
297 169
297 170
297 172
297 177
297 183
297 184
297 185
297 186
297 187
297 197
297 202
297 203
297 213
297 218
297 219
297 220
297 221
297 225
297 226
297 227
297 235
297 248
297 249
297 250
297 251
297 258
297 259
297 260
297 261
297 266
298 159
298 160
298 161
298 162
298 163
298 168
298 169
298 176
298 177
298 187
298 188
298 197
298 198
298 202
298 217
298 218
298 221
298 222
298 223
298 224
298 225
298 226
298 233
298 234
298 235
298 247
298 248
298 249
298 251
298 252
298 253
298 259
299 161
299 163
299 164
299 168
299 176
299 187
299 188
299 197
299 198
299 202
299 221
299 224
299 226
299 235
299 236
299 237
299 238
299 249
299 253
299 258
299 259
300 161
300 163
300 167
300 168
300 175
300 176
300 177
300 187
300 221
300 222
300 226
300 234
300 235
300 237
300 249
300 259
300 260
301 162
301 163
301 164
301 168
301 175
301 177
301 186
301 187
301 229
301 233
301 234
301 236
301 237
301 238
301 239
301 259
301 260
301 261
301 262
301 263
301 264
301 265
302 164
302 167
302 168
302 175
302 177
302 186
302 227
302 228
302 229
302 230
302 231
302 232
302 233
302 234
302 235
302 238
302 239
302 240
302 241
302 242
302 243
302 258
302 259
302 260
303 164
303 167
303 168
303 229
303 230
303 234
303 238
303 243
303 260
304 161
304 162
304 163
304 164
304 168
304 169
304 170
304 224
304 225
304 226
304 227
304 228
304 229
304 234
304 238
304 239
304 260
305 160
305 161
305 162
305 163
305 164
305 168
305 234
306 168
306 218
306 232
306 233
306 234
306 235
307 168
307 218
307 219
307 220
307 221
307 235
308 167
308 168
308 169
308 221
308 222
308 223
308 224
308 226
308 229
308 230
308 231
308 235
308 237
309 168
309 223
309 224
309 225
309 226
309 227
309 228
309 229
309 231
309 232
309 233
309 234
309 235
309 236
309 237
310 224
310 226
310 229
310 232
310 235
310 237
310 238
311 224
311 226
311 232
311 235
311 237
312 226
312 232
312 235
312 237
312 243
312 245
312 246
313 226
313 232
313 236
313 237
313 238
313 239
313 240
313 241
313 242
313 243
313 244
313 245
313 246
313 247
314 215
314 224
314 225
314 226
314 227
314 231
314 232
314 236
314 240
314 246
314 247
315 213
315 215
315 216
315 222
315 223
315 225
315 230
315 231
315 232
315 235
315 236
315 240
315 246
316 212
316 213
316 216
316 219
316 220
316 221
316 222
316 223
316 224
316 225
316 230
316 232
316 236
316 237
316 239
316 240
316 241
317 212
317 213
317 214
317 215
317 216
317 218
317 219
317 223
317 232
317 233
317 241
317 242
317 243
318 216
318 219
318 223
318 229
318 230
318 231
318 232
318 241
318 242
319 216
319 217
319 218
319 219
319 231
319 241
319 242
319 243
319 244
320 216
320 218
320 228
320 229
320 230
320 231
320 232
320 242
321 216
321 231
321 242
322 216
322 226
322 227
322 228
322 229
322 230
322 231
322 232
322 233
322 234
322 242
323 216
323 217
323 229
323 232
323 241
323 242
323 243
323 272
324 214
324 215
324 216
324 229
324 232
324 233
324 234
324 243
324 244
324 249
324 256
324 272
324 273
324 274
324 276
324 277
325 204
325 216
325 228
325 229
325 231
325 232
325 234
325 244
325 245
325 249
325 256
325 257
325 271
325 273
325 276
326 204
326 205
326 206
326 207
326 208
326 209
326 212
326 215
326 216
326 228
326 229
326 231
326 232
326 234
326 235
326 244
326 245
326 246
326 247
326 248
326 249
326 250
326 256
326 269
326 270
326 271
326 272
326 273
326 274
326 275
326 276
327 208
327 209
327 210
327 211
327 212
327 213
327 214
327 215
327 216
327 226
327 227
327 228
327 231
327 233
327 234
327 243
327 244
327 246
327 249
327 250
327 253
327 255
327 256
327 269
327 270
327 274
327 276
327 277
327 278
328 214
328 216
328 217
328 228
328 230
328 231
328 240
328 241
328 242
328 243
328 246
328 247
328 250
328 251
328 252
328 253
328 254
328 255
328 258
328 260
328 261
328 265
328 269
328 270
328 276
328 277
329 193
329 194
329 214
329 217
329 218
329 227
329 228
329 231
329 242
329 247
329 248
329 253
329 254
329 255
329 256
329 257
329 258
329 259
329 260
329 265
329 267
329 268
329 269
329 270
329 271
329 277
330 192
330 193
330 194
330 195
330 196
330 197
330 200
330 201
330 211
330 212
330 213
330 214
330 217
330 218
330 225
330 226
330 227
330 228
330 230
330 231
330 242
330 246
330 247
330 255
330 258
330 259
330 260
330 261
330 262
330 263
330 264
330 265
330 266
330 267
330 268
330 277
330 278
330 279
331 194
331 197
331 198
331 199
331 200
331 206
331 207
331 208
331 209
331 210
331 211
331 213
331 214
331 217
331 218
331 228
331 230
331 231
331 232
331 233
331 246
331 255
331 260
331 261
331 264
331 268
331 269
332 194
332 200
332 201
332 202
332 203
332 204
332 205
332 206
332 211
332 231
332 246
332 255
332 256
332 263
332 264
332 265
333 198
333 199
333 200
333 202
333 203
333 204
333 205
333 208
333 209
333 210
333 211
333 230
333 231
333 241
333 242
333 243
333 244
333 245
333 246
333 253
333 254
333 255
333 265
334 199
334 202
334 204
334 209
334 211
334 239
334 240
334 241
334 246
334 247
334 248
334 254
334 255
334 256
334 257
334 265
334 266
334 267
334 268
334 269
334 270
335 187
335 202
335 204
335 209
335 211
335 239
335 240
335 241
335 242
335 246
335 247
335 254
335 265
336 186
336 187
336 188
336 189
336 190
336 191
336 202
336 210
336 211
336 212
336 241
336 254
336 264
336 265
336 266
336 267
336 268
336 269
337 191
337 192
337 193
337 200
337 201
337 202
337 212
337 239
337 240
337 241
337 252
337 253
337 254
337 255
337 256
337 264
337 266
337 269
338 192
338 193
338 196
338 197
338 202
338 211
338 212
338 213
338 233
338 241
338 242
338 243
338 244
338 255
338 266
338 268
338 269
339 191
339 192
339 193
339 194
339 197
339 198
339 199
339 200
339 201
339 202
339 203
339 211
339 212
339 213
339 229
339 233
339 234
339 238
339 241
339 242
339 243
339 255
339 256
339 266
339 267
339 268
339 269
340 191
340 192
340 194
340 195
340 196
340 197
340 202
340 211
340 229
340 230
340 231
340 232
340 233
340 234
340 235
340 236
340 237
340 238
340 239
340 240
340 241
340 242
340 243
340 247
340 255
340 266
341 194
341 195
341 196
341 197
341 198
341 199
341 202
341 203
341 229
341 230
341 235
341 236
341 237
341 239
341 242
341 243
341 244
341 245
341 246
341 247
341 255
341 265
341 266
341 267
341 268
341 271
341 277
342 194
342 196
342 198
342 201
342 202
342 203
342 229
342 234
342 235
342 236
342 237
342 239
342 242
342 244
342 247
342 254
342 255
342 265
342 268
342 269
342 271
342 277
343 193
343 194
343 202
343 203
343 204
343 227
343 228
343 229
343 237
343 239
343 242
343 243
343 244
343 247
343 255
343 264
343 265
343 269
343 270
343 271
343 273
343 275
343 276
343 277
344 194
344 202
344 204
344 236
344 237
344 238
344 239
344 243
344 247
344 248
344 249
344 253
344 254
344 255
344 256
344 263
344 264
344 265
344 269
344 271
344 272
344 273
344 274
344 275
344 276
344 277
344 278
344 279
344 286
345 184
345 192
345 194
345 236
345 239
345 246
345 247
345 255
345 264
345 265
345 269
345 272
345 274
345 279
345 280
345 286
346 184
346 185
346 189
346 192
346 193
346 194
346 195
346 236
346 238
346 239
346 246
346 247
346 255
346 262
346 263
346 264
346 268
346 269
346 270
346 271
346 274
346 275
346 286
346 287
346 291
346 292
347 185
347 187
347 188
347 189
347 190
347 191
347 192
347 193
347 195
347 230
347 231
347 232
347 233
347 234
347 235
347 236
347 239
347 240
347 247
347 268
347 271
347 275
347 282
347 286
347 290
347 291
347 292
347 293
347 294
347 295
347 296
347 297
348 183
348 184
348 185
348 186
348 187
348 189
348 192
348 195
348 196
348 197
348 227
348 228
348 229
348 230
348 234
348 239
348 268
348 271
348 278
348 279
348 280
348 281
348 282
348 283
348 284
348 285
348 286
348 287
348 288
348 289
348 290
348 294
349 182
349 183
349 184
349 185
349 189
349 192
349 196
349 197
349 227
349 230
349 233
349 234
349 235
349 239
349 268
349 271
349 272
349 273
349 274
349 275
349 276
349 277
349 278
349 282
349 286
349 290
349 294
350 183
350 190
350 191
350 192
350 193
350 197
350 221
350 222
350 223
350 224
350 225
350 226
350 227
350 234
350 239
350 240
350 265
350 267
350 268
350 271
350 274
350 278
350 279
350 286
350 294
350 295
350 296
351 183
351 187
351 188
351 189
351 190
351 196
351 197
351 223
351 227
351 233
351 234
351 239
351 265
351 266
351 267
351 279
352 185
352 186
352 187
352 190
352 197
352 198
352 223
352 227
352 233
352 239
352 267
352 279
352 280
352 281
353 187
353 190
353 191
353 197
353 223
353 227
353 233
353 238
353 239
353 240
353 241
353 267
353 280
354 187
354 190
354 191
354 227
354 240
354 266
354 267
354 280
354 281
355 187
355 191
355 239
355 240
355 241
355 264
355 265
355 266
355 267
355 268
355 270
355 281
355 282
355 283
356 186
356 187
356 188
356 239
356 240
356 264
356 266
356 268
356 269
356 270
356 271
356 281
356 283
357 187
357 188
357 240
357 241
357 268
357 269
357 270
357 283
357 284
358 238
358 239
358 240
358 241
358 267
358 268
358 270
358 271
358 272
359 238
359 240
359 267
359 268
359 270
360 239
360 240
360 242
360 269
360 270
360 271
361 240
361 241
361 242
361 269
361 271
362 240
362 242
362 268
362 269
363 240
363 242
363 268
364 240
364 242
364 243
364 244
364 245
365 242
365 245
366 240
366 241
366 242
366 245
367 241
367 242
368 242
368 243
369 239
369 240
369 241
369 242
369 243
370 238
370 239
370 241
370 242
370 243
371 239
371 241
371 242
371 243
371 244
371 245
372 239
372 241
372 244
373 244
373 245
373 246
374 242
374 243
374 244
374 245
374 246
375 242
375 244
