123 286
123 289
123 290
124 286
124 287
124 288
124 289
124 290
124 291
124 292
124 296
125 289
125 290
125 291
125 296
125 299
125 300
126 290
126 296
126 297
126 300
127 290
127 291
127 295
127 296
127 299
127 300
128 287
128 291
128 292
128 293
128 294
128 295
128 296
128 297
128 298
128 299
129 287
129 290
129 291
129 299
130 287
130 288
130 289
130 290
131 289
132 281
132 289
132 291
133 281
133 288
133 289
133 290
133 291
133 292
133 293
134 273
134 281
134 282
134 283
134 284
134 285
134 289
134 293
134 302
135 271
135 272
135 273
135 275
135 283
135 284
135 285
135 289
135 291
135 296
135 297
135 302
135 303
136 272
136 275
136 284
136 289
136 291
136 295
136 296
136 297
136 298
136 299
136 300
136 301
136 302
137 272
137 273
137 274
137 275
137 283
137 284
137 289
137 290
137 291
137 295
137 301
138 272
138 274
138 275
138 284
138 286
138 291
138 292
138 293
138 294
138 295
138 301
139 272
139 273
139 274
139 275
139 282
139 283
139 284
139 286
139 289
139 290
139 291
139 295
139 296
139 297
139 298
139 301
140 275
140 276
140 280
140 283
140 284
140 285
140 286
140 290
140 291
140 292
140 293
140 294
141 272
141 273
141 275
141 280
141 286
141 287
141 288
141 289
141 290
141 291
142 195
142 196
142 197
142 273
142 275
142 280
142 287
142 290
143 187
143 188
143 189
143 190
143 191
143 193
143 194
143 195
143 196
143 197
143 206
143 272
143 273
143 274
143 275
143 280
143 281
143 282
143 287
143 290
143 291
143 292
144 188
144 189
144 191
144 192
144 193
144 194
144 195
144 196
144 201
144 205
144 206
144 261
144 264
144 274
144 275
144 281
144 283
144 284
144 285
144 287
144 288
144 292
144 293
144 294
144 295
144 296
144 297
145 195
145 196
145 200
145 201
145 202
145 205
145 206
145 260
145 261
145 262
145 263
145 264
145 275
145 281
145 284
145 285
145 286
145 287
145 294
145 296
146 194
146 195
146 196
146 197
146 198
146 200
146 206
146 264
146 272
146 273
146 274
146 275
146 281
146 282
146 283
146 284
147 194
147 195
147 198
147 199
147 200
147 206
147 207
147 264
147 275
147 276
147 284
147 285
147 286
148 195
148 200
148 201
148 202
148 203
148 206
148 211
148 263
148 264
148 276
148 278
148 284
149 200
149 202
149 203
149 204
149 205
149 206
149 207
149 208
149 209
149 210
149 211
149 264
149 275
149 276
149 277
149 278
149 279
149 280
149 281
149 282
149 283
149 284
149 285
150 199
150 200
150 202
150 264
150 280
150 281
150 282
151 202
151 264
151 265
151 281
151 284
151 289
152 201
152 202
152 264
152 265
152 281
152 284
152 289
153 202
153 262
153 265
153 266
153 278
153 281
153 284
153 289
153 290
153 291
154 202
154 203
154 262
154 265
154 266
154 277
154 278
154 279
154 280
154 281
154 283
154 284
154 285
154 286
154 287
154 289
154 292
154 354
154 355
155 201
155 202
155 208
155 209
155 260
155 262
155 263
155 266
155 279
155 280
155 281
155 282
155 283
155 289
155 291
155 292
155 296
155 355
155 356
155 361
156 200
156 201
156 202
156 206
156 207
156 208
156 260
156 261
156 262
156 263
156 264
156 265
156 266
156 267
156 280
156 281
156 288
156 289
156 290
156 291
156 292
156 293
156 294
156 295
156 296
156 344
156 345
156 346
156 355
156 356
156 357
156 358
156 359
156 360
156 361
157 199
157 200
157 201
157 202
157 206
157 208
157 262
157 266
157 274
157 275
157 280
157 281
157 288
157 292
157 294
157 339
157 340
157 346
157 347
157 355
157 356
158 201
158 206
158 243
158 244
158 245
158 266
158 272
158 273
158 274
158 275
158 277
158 280
158 284
158 285
158 286
158 287
158 288
158 339
158 345
158 346
158 355
159 201
159 202
159 206
159 207
159 243
159 244
159 265
159 266
159 267
159 269
159 274
159 277
159 278
159 280
159 281
159 282
159 283
159 284
159 285
159 338
159 339
159 344
159 345
159 346
159 355
160 200
160 201
160 202
160 206
160 207
160 208
160 209
160 210
160 244
160 245
160 246
160 265
160 266
160 267
160 268
160 269
160 270
160 274
160 278
160 280
160 339
160 345
160 348
160 349
160 355
160 356
161 199
161 200
161 202
161 203
161 204
161 205
161 206
161 207
161 208
161 244
161 270
161 271
161 272
161 274
161 277
161 278
161 279
161 280
161 281
161 337
161 338
161 339
161 345
161 346
161 347
161 348
161 354
161 355
162 190
162 197
162 198
162 199
162 200
162 206
162 207
162 244
162 272
162 273
162 274
162 275
162 276
162 277
162 338
162 346
162 347
162 352
162 353
162 354
162 355
163 190
163 191
163 206
163 239
163 240
163 241
163 242
163 243
163 244
163 277
163 301
163 302
163 303
163 304
163 305
163 330
163 338
163 341
163 342
163 343
163 344
163 346
163 348
163 353
164 171
164 191
164 204
164 205
164 206
164 207
164 208
164 227
164 228
164 229
164 230
164 244
164 247
164 248
164 272
164 277
164 300
164 301
164 330
164 336
164 337
164 338
164 342
164 343
164 344
164 346
164 348
164 353
165 171
165 191
165 192
165 206
165 221
165 222
165 223
165 226
165 227
165 241
165 244
165 245
165 247
165 271
165 272
165 273
165 274
165 277
165 300
165 301
165 329
165 330
165 331
165 332
165 337
165 338
165 343
165 344
165 346
165 347
165 348
165 349
165 350
165 351
165 352
165 353
165 354
166 171
166 189
166 190
166 191
166 196
166 205
166 206
166 222
166 223
166 227
166 240
166 241
166 243
166 244
166 247
166 274
166 276
166 277
166 299
166 301
166 328
166 329
166 331
166 338
166 344
166 345
166 346
166 347
166 352
167 169
167 170
167 171
167 191
167 193
167 194
167 195
167 196
167 203
167 204
167 205
167 223
167 227
167 228
167 241
167 242
167 243
167 244
167 245
167 246
167 247
167 248
167 249
167 272
167 273
167 274
167 275
167 276
167 277
167 294
167 299
167 301
167 302
167 303
167 331
167 332
167 338
167 340
167 346
167 347
167 352
167 353
168 170
168 190
168 191
168 192
168 193
168 194
168 205
168 206
168 207
168 208
168 213
168 221
168 222
168 223
168 225
168 227
168 246
168 273
168 275
168 276
168 294
168 299
168 300
168 301
168 332
168 333
168 334
168 338
168 339
168 340
168 346
169 170
169 181
169 193
169 195
169 202
169 205
169 206
169 207
169 213
169 223
169 224
169 225
169 226
169 227
169 244
169 245
169 246
169 275
169 292
169 293
169 294
169 295
169 299
169 333
169 334
169 335
169 336
169 337
169 338
169 346
169 347
169 348
169 349
169 350
169 351
170 170
170 181
170 182
170 183
170 185
170 193
170 194
170 195
170 196
170 202
170 205
170 206
170 207
170 208
170 209
170 210
170 211
170 212
170 213
170 226
170 246
170 275
170 280
170 281
170 294
170 295
170 298
170 299
170 333
170 337
170 344
170 345
170 346
170 350
170 351
171 170
171 183
171 184
171 185
171 186
171 187
171 188
171 195
171 196
171 202
171 206
171 226
171 245
171 246
171 247
171 248
171 275
171 280
171 281
171 294
171 298
171 301
171 337
171 338
171 346
172 170
172 188
172 189
172 195
172 196
172 199
172 201
172 202
172 203
172 206
172 207
172 208
172 226
172 227
172 228
172 229
172 230
172 231
172 246
172 248
172 275
172 276
172 277
172 278
172 279
172 280
172 294
172 295
172 298
172 299
172 300
172 301
172 338
172 346
172 348
173 168
173 170
173 188
173 196
173 199
173 203
173 204
173 205
173 206
173 224
173 226
173 229
173 246
173 277
173 278
173 295
173 296
173 297
173 298
173 303
173 309
173 310
173 337
173 338
173 339
173 344
173 346
173 347
173 348
173 349
173 366
174 152
174 168
174 170
174 186
174 188
174 195
174 196
174 197
174 198
174 199
174 204
174 218
174 219
174 220
174 223
174 224
174 225
174 226
174 244
174 245
174 246
174 270
174 276
174 277
174 278
174 279
174 295
174 297
174 303
174 304
174 309
174 339
174 344
174 345
174 346
174 364
174 365
174 366
175 151
175 152
175 159
175 160
175 167
175 168
175 169
175 170
175 186
175 187
175 188
175 191
175 199
175 202
175 203
175 204
175 218
175 223
175 224
175 237
175 245
175 270
175 271
175 272
175 273
175 274
175 275
175 276
175 277
175 281
175 295
175 296
175 297
175 303
175 304
175 306
175 307
175 308
175 309
175 310
175 339
175 340
175 345
175 354
175 363
175 364
175 365
175 366
175 367
176 152
176 153
176 154
176 160
176 169
176 170
176 188
176 191
176 199
176 200
176 201
176 202
176 218
176 224
176 225
176 237
176 243
176 244
176 245
176 272
176 276
176 277
176 281
176 293
176 294
176 295
176 303
176 304
176 305
176 306
176 307
176 336
176 337
176 338
176 339
176 345
176 346
176 351
176 352
176 353
176 354
176 355
176 364
176 366
177 151
177 153
177 154
177 160
177 168
177 169
177 170
177 188
177 189
177 190
177 191
177 201
177 202
177 218
177 221
177 225
177 234
177 235
177 236
177 237
177 245
177 277
177 278
177 280
177 281
177 282
177 283
177 284
177 294
177 302
177 303
177 304
177 305
177 339
177 340
177 345
177 350
177 351
177 362
177 363
177 364
177 365
177 366
178 151
178 152
178 153
178 154
178 155
178 159
178 160
178 166
178 169
178 182
178 186
178 188
178 189
178 190
178 201
178 217
178 218
178 219
178 220
178 221
178 225
178 234
178 235
178 245
178 246
178 278
178 280
178 294
178 300
178 301
178 302
178 305
178 306
178 339
178 340
178 342
178 343
178 344
178 345
178 346
178 347
178 348
178 349
178 350
178 351
178 352
178 364
178 366
179 155
179 160
179 161
179 166
179 167
179 168
179 169
179 182
179 186
179 188
179 189
179 190
179 198
179 201
179 221
179 222
179 223
179 224
179 225
179 228
179 235
179 246
179 274
179 275
179 276
179 277
179 278
179 280
179 286
179 287
179 294
179 301
179 302
179 338
179 339
179 340
179 342
179 344
179 345
179 348
179 349
179 352
179 353
179 364
179 365
179 366
179 403
180 145
180 154
180 155
180 156
180 161
180 162
180 163
180 169
180 170
180 171
180 172
180 173
180 181
180 182
180 183
180 184
180 185
180 186
180 187
180 188
180 190
180 193
180 194
180 198
180 199
180 201
180 202
180 221
180 225
180 226
180 228
180 234
180 235
180 236
180 246
180 247
180 273
180 278
180 280
180 281
180 282
180 286
180 287
180 293
180 294
180 299
180 300
180 301
180 335
180 340
180 342
180 343
180 364
180 365
180 366
180 401
180 403
181 145
181 146
181 147
181 155
181 161
181 162
181 169
181 187
181 189
181 190
181 194
181 199
181 200
181 201
181 226
181 228
181 236
181 240
181 241
181 246
181 273
181 278
181 279
181 280
181 285
181 286
181 287
181 294
181 299
181 302
181 304
181 335
181 336
181 337
181 338
181 339
181 340
181 341
181 342
181 361
181 362
181 363
181 364
181 368
181 369
181 400
181 401
181 402
181 403
182 147
182 154
182 155
182 156
182 162
182 165
182 169
182 190
182 191
182 192
182 194
182 195
182 200
182 201
182 225
182 226
182 227
182 228
182 236
182 241
182 245
182 246
182 273
182 279
182 283
182 284
182 285
182 294
182 295
182 296
182 297
182 298
182 299
182 300
182 301
182 302
182 303
182 304
182 305
182 339
182 341
182 364
182 367
182 368
182 400
182 401
183 146
183 147
183 148
183 155
183 161
183 162
183 165
183 169
183 172
183 190
183 192
183 193
183 194
183 195
183 196
183 197
183 201
183 225
183 226
183 236
183 239
183 240
183 241
183 245
183 246
183 273
183 274
183 275
183 276
183 277
183 278
183 279
183 280
183 281
183 283
183 294
183 295
183 304
183 305
183 306
183 341
183 342
183 364
183 367
183 397
183 401
184 148
184 149
184 150
184 151
184 155
184 157
184 158
184 159
184 162
184 163
184 164
184 165
184 166
184 168
184 169
184 170
184 171
184 172
184 191
184 192
184 197
184 198
184 199
184 200
184 201
184 202
184 203
184 226
184 227
184 235
184 236
184 237
184 238
184 239
184 244
184 245
184 274
184 275
184 281
184 282
184 283
184 284
184 294
184 295
184 305
184 341
184 342
184 364
184 365
184 366
184 367
184 368
184 369
184 370
184 371
184 397
184 398
184 399
184 400
184 401
185 143
185 148
185 150
185 151
185 152
185 153
185 154
185 155
185 159
185 164
185 165
185 169
185 192
185 198
185 202
185 225
185 226
185 227
185 238
185 244
185 245
185 246
185 274
185 275
185 282
185 284
185 295
185 296
185 299
185 300
185 301
185 302
185 337
185 338
185 339
185 342
185 343
185 364
185 365
185 388
185 389
185 399
186 141
186 142
186 143
186 144
186 147
186 154
186 155
186 156
186 157
186 158
186 159
186 160
186 161
186 164
186 165
186 169
186 170
186 190
186 191
186 192
186 196
186 202
186 226
186 238
186 239
186 240
186 244
186 245
186 282
186 295
186 299
186 339
186 340
186 341
186 342
186 352
186 354
186 364
186 388
186 393
186 394
186 398
186 399
186 404
187 143
187 144
187 147
187 159
187 161
187 162
187 165
187 169
187 195
187 196
187 198
187 199
187 202
187 206
187 225
187 226
187 240
187 242
187 243
187 244
187 279
187 281
187 282
187 295
187 299
187 338
187 339
187 341
187 347
187 349
187 352
187 353
187 354
187 355
187 362
187 364
187 388
187 394
187 398
187 403
187 404
187 405
188 143
188 144
188 147
188 157
188 158
188 159
188 160
188 161
188 164
188 165
188 169
188 171
188 172
188 196
188 197
188 198
188 199
188 202
188 205
188 206
188 221
188 222
188 226
188 240
188 241
188 242
188 243
188 279
188 280
188 281
188 282
188 285
188 292
188 293
188 294
188 295
188 296
188 297
188 298
188 299
188 300
188 301
188 341
188 345
188 347
188 349
188 352
188 353
188 362
188 363
188 364
188 365
188 366
188 367
188 388
188 389
188 394
188 396
188 398
188 399
188 403
189 142
189 143
189 144
189 147
189 153
189 154
189 155
189 156
189 157
189 159
189 160
189 161
189 162
189 163
189 164
189 165
189 166
189 167
189 168
189 169
189 171
189 196
189 197
189 198
189 199
189 202
189 203
189 204
189 205
189 222
189 223
189 224
189 225
189 226
189 241
189 242
189 271
189 272
189 282
189 283
189 284
189 285
189 293
189 297
189 301
189 302
189 341
189 344
189 345
189 347
189 348
189 349
189 353
189 354
189 355
189 358
189 361
189 362
189 363
189 388
189 389
189 394
189 396
189 397
189 398
189 399
189 400
189 401
189 402
189 403
189 404
189 405
190 144
190 145
190 146
190 147
190 148
190 153
190 154
190 155
190 158
190 159
190 169
190 170
190 171
190 172
190 196
190 198
190 199
190 200
190 202
190 205
190 225
190 227
190 229
190 230
190 241
190 248
190 271
190 280
190 281
190 282
190 283
190 284
190 293
190 339
190 340
190 341
190 342
190 344
190 347
190 353
190 358
190 359
190 360
190 361
190 363
190 389
190 394
190 396
190 408
190 411
191 138
191 139
191 140
191 143
191 144
191 145
191 147
191 148
191 149
191 150
191 151
191 152
191 153
191 158
191 159
191 171
191 200
191 202
191 203
191 205
191 225
191 227
191 230
191 241
191 247
191 248
191 249
191 253
191 254
191 271
191 272
191 283
191 284
191 285
191 286
191 293
191 342
191 343
191 344
191 346
191 347
191 348
191 353
191 358
191 360
191 361
191 362
191 389
191 394
191 395
191 396
191 408
191 411
191 434
192 140
192 141
192 142
192 143
192 148
192 153
192 158
192 171
192 172
192 174
192 200
192 201
192 202
192 203
192 204
192 205
192 224
192 225
192 226
192 227
192 228
192 229
192 230
192 231
192 241
192 242
192 245
192 246
192 247
192 248
192 254
192 255
192 272
192 283
192 284
192 293
192 294
192 295
192 296
192 298
192 335
192 342
192 343
192 344
192 345
192 346
192 353
192 355
192 357
192 358
192 361
192 389
192 394
192 405
192 406
192 407
192 408
192 411
192 433
192 434
193 141
193 142
193 148
193 153
193 160
193 161
193 162
193 163
193 164
193 165
193 166
193 167
193 168
193 169
193 170
193 171
193 172
193 173
193 174
193 175
193 204
193 226
193 229
193 231
193 241
193 246
193 254
193 271
193 272
193 284
193 287
193 288
193 289
193 290
193 291
193 292
193 293
193 296
193 297
193 298
193 299
193 335
193 338
193 342
193 343
193 350
193 351
193 352
193 353
193 354
193 355
193 356
193 357
193 358
193 361
193 362
193 389
193 393
193 394
193 405
193 408
193 409
193 410
193 411
193 433
193 434
193 436
194 142
194 147
194 148
194 160
194 163
194 166
194 173
194 174
194 199
194 200
194 201
194 204
194 229
194 231
194 232
194 241
194 242
194 246
194 254
194 272
194 283
194 284
194 285
194 287
194 293
194 294
194 334
194 335
194 336
194 337
194 338
194 342
194 345
194 349
194 350
194 387
194 388
194 389
194 390
194 391
194 393
194 403
194 404
194 405
194 410
194 411
194 434
194 436
195 141
195 142
195 143
195 163
195 166
195 174
195 175
195 184
195 201
195 202
195 203
195 204
195 229
195 231
195 237
195 241
195 246
195 250
195 254
195 268
195 272
195 283
195 284
195 287
195 288
195 289
195 294
195 295
195 338
195 339
195 340
195 341
195 342
195 345
195 349
195 350
195 351
195 352
195 353
195 388
195 389
195 393
195 395
195 396
195 397
195 398
195 399
195 403
195 405
195 434
195 435
195 436
196 162
196 163
196 164
196 166
196 167
196 174
196 184
196 186
196 203
196 224
196 225
196 229
196 230
196 231
196 236
196 237
196 238
196 241
196 242
196 246
196 250
196 251
196 252
196 253
196 254
196 255
196 256
196 268
196 272
196 273
196 284
196 285
196 286
196 287
196 289
196 294
196 340
196 341
196 343
196 345
196 349
196 387
196 388
196 389
196 393
196 395
196 397
196 402
196 403
196 430
196 431
196 433
196 434
196 436
197 166
197 172
197 173
197 174
197 183
197 184
197 185
197 186
197 203
197 204
197 205
197 225
197 226
197 231
197 232
197 233
197 237
197 239
197 240
197 241
197 246
197 247
197 248
197 250
197 251
197 256
197 268
197 269
197 273
197 276
197 277
197 283
197 284
197 287
197 289
197 338
197 340
197 341
197 343
197 344
197 345
197 349
197 350
197 351
197 387
197 388
197 392
197 393
197 394
197 395
197 396
197 397
197 398
197 399
197 400
197 401
197 402
197 431
197 432
197 433
197 434
197 435
198 166
198 174
198 185
198 186
198 203
198 205
198 226
198 233
198 234
198 237
198 241
198 242
198 248
198 249
198 250
198 269
198 271
198 272
198 273
198 274
198 275
198 276
198 283
198 284
198 337
198 338
198 340
198 343
198 344
198 345
198 349
198 388
198 389
198 390
198 391
198 392
198 396
198 399
198 400
198 402
198 431
199 173
199 174
199 183
199 186
199 203
199 226
199 233
199 234
199 235
199 236
199 237
199 240
199 241
199 249
199 254
199 267
199 268
199 269
199 273
199 282
199 283
199 329
199 335
199 336
199 337
199 338
199 339
199 340
199 342
199 343
199 349
199 383
199 387
199 388
199 392
199 395
199 396
199 397
199 401
199 402
199 403
199 404
199 431
200 172
200 173
200 174
200 176
200 179
200 180
200 183
200 186
200 203
200 205
200 226
200 228
200 237
200 238
200 239
200 240
200 241
200 249
200 252
200 253
200 254
200 269
200 271
200 273
200 274
200 275
200 283
200 284
200 329
200 340
200 341
200 342
200 345
200 347
200 348
200 349
200 350
200 351
200 352
200 382
200 383
200 386
200 387
200 431
201 173
201 174
201 175
201 176
201 179
201 180
201 181
201 182
201 183
201 184
201 186
201 187
201 194
201 201
201 202
201 203
201 204
201 205
201 224
201 225
201 226
201 227
201 228
201 231
201 232
201 237
201 238
201 239
201 249
201 252
201 253
201 268
201 269
201 270
201 271
201 273
201 282
201 283
201 284
201 285
201 286
201 329
201 342
201 345
201 346
201 347
201 348
201 351
201 352
201 353
201 383
201 387
201 430
201 431
201 432
201 434
201 435
201 436
201 437
202 174
202 176
202 177
202 178
202 179
202 184
202 185
202 186
202 187
202 189
202 190
202 194
202 200
202 201
202 202
202 203
202 228
202 231
202 233
202 237
202 238
202 248
202 249
202 250
202 251
202 252
202 271
202 272
202 273
202 282
202 285
202 329
202 342
202 343
202 345
202 351
202 383
202 387
202 389
202 390
202 430
202 435
203 168
203 169
203 171
203 172
203 173
203 174
203 177
203 178
203 184
203 187
203 188
203 189
203 190
203 194
203 197
203 202
203 203
203 227
203 228
203 229
203 230
203 231
203 232
203 233
203 234
203 238
203 250
203 273
203 277
203 281
203 282
203 329
203 342
203 344
203 345
203 346
203 347
203 351
203 382
203 383
203 384
203 387
203 389
203 393
203 430
203 431
203 432
203 433
203 434
203 435
203 439
203 441
204 167
204 168
204 169
204 170
204 171
204 173
204 174
204 178
204 190
204 194
204 195
204 197
204 199
204 202
204 228
204 234
204 238
204 239
204 250
204 273
204 274
204 276
204 277
204 281
204 329
204 332
204 337
204 338
204 341
204 342
204 343
204 344
204 345
204 384
204 385
204 386
204 387
204 388
204 389
204 390
204 391
204 392
204 393
204 426
204 427
204 430
204 431
204 435
204 436
204 437
204 438
204 439
204 440
204 441
204 442
205 168
205 172
205 173
205 178
205 189
205 190
205 191
205 192
205 193
205 194
205 195
205 196
205 197
205 198
205 199
205 200
205 202
205 203
205 227
205 228
205 234
205 237
205 238
205 250
205 271
205 273
205 277
205 278
205 279
205 280
205 281
205 328
205 329
205 330
205 331
205 332
205 335
205 337
205 338
205 341
205 344
205 385
205 386
205 392
205 393
205 394
205 427
205 430
205 441
205 442
206 167
206 168
206 199
206 202
206 220
206 221
206 233
206 234
206 235
206 236
206 237
206 250
206 271
206 273
206 274
206 275
206 276
206 277
206 278
206 280
206 287
206 332
206 333
206 334
206 335
206 338
206 340
206 341
206 344
206 385
206 386
206 392
206 393
206 427
206 428
206 429
206 430
206 441
207 199
207 200
207 201
207 202
207 221
207 234
207 237
207 240
207 241
207 250
207 269
207 270
207 271
207 272
207 273
207 276
207 280
207 281
207 282
207 283
207 284
207 285
207 286
207 287
207 335
207 337
207 338
207 339
207 340
207 344
207 385
207 386
207 387
207 427
207 431
207 440
207 441
208 198
208 199
208 202
208 220
208 221
208 236
208 237
208 238
208 239
208 240
208 241
208 248
208 250
208 251
208 252
208 253
208 268
208 271
208 286
208 335
208 338
208 385
208 424
208 425
208 426
208 427
208 431
208 433
209 202
209 203
209 204
209 221
209 222
209 223
209 238
209 245
209 246
209 247
209 248
209 249
209 250
209 251
209 268
209 269
209 270
209 271
209 286
209 287
209 288
209 332
209 335
209 336
209 337
209 338
209 385
209 426
209 430
209 431
209 432
209 433
209 434
210 200
210 201
210 202
210 222
210 238
210 249
210 250
210 268
210 269
210 288
210 289
210 332
210 333
210 334
210 335
210 338
210 339
210 383
210 385
210 423
210 424
210 425
210 426
210 430
210 432
211 176
211 200
211 202
211 222
211 223
211 235
211 237
211 238
211 249
211 269
211 289
211 334
211 335
211 383
211 384
211 385
211 424
211 426
211 427
211 428
211 429
211 430
211 432
211 433
212 176
212 177
212 181
212 182
212 186
212 193
212 194
212 201
212 202
212 223
212 233
212 234
212 235
212 236
212 237
212 238
212 239
212 246
212 247
212 249
212 267
212 269
212 270
212 271
212 278
212 335
212 336
212 337
212 374
212 384
212 385
212 424
212 429
212 433
212 434
213 174
213 175
213 176
213 177
213 182
213 184
213 186
213 187
213 193
213 194
213 195
213 196
213 197
213 198
213 199
213 200
213 201
213 217
213 218
213 219
213 223
213 239
213 240
213 247
213 248
213 249
213 250
213 251
213 265
213 266
213 267
213 268
213 269
213 270
213 274
213 275
213 278
213 332
213 333
213 334
213 335
213 366
213 367
213 374
213 385
213 386
213 393
213 423
213 424
213 425
214 176
214 177
214 178
214 179
214 180
214 181
214 182
214 183
214 184
214 187
214 201
214 202
214 219
214 223
214 224
214 239
214 240
214 248
214 268
214 270
214 274
214 277
214 278
214 279
214 280
214 284
214 285
214 332
214 335
214 366
214 367
214 374
214 375
214 376
214 379
214 383
214 385
214 386
214 387
214 392
214 393
214 395
214 396
214 423
214 424
214 425
214 426
215 177
215 178
215 183
215 184
215 185
215 186
215 187
215 188
215 189
215 190
215 191
215 200
215 201
215 219
215 221
215 224
215 238
215 239
215 244
215 245
215 248
215 267
215 268
215 270
215 273
215 274
215 275
215 276
215 277
215 280
215 283
215 284
215 285
215 335
215 338
215 339
215 366
215 375
215 379
215 381
215 383
215 384
215 385
215 386
215 390
215 391
215 392
215 395
215 423
215 425
216 148
216 177
216 178
216 182
216 183
216 185
216 186
216 188
216 189
216 190
216 191
216 192
216 193
216 200
216 219
216 220
216 221
216 223
216 224
216 237
216 238
216 239
216 245
216 246
216 247
216 248
216 268
216 269
216 270
216 271
216 273
216 280
216 281
216 282
216 283
216 335
216 338
216 346
216 366
216 367
216 368
216 369
216 375
216 379
216 380
216 381
216 384
216 390
216 394
216 395
216 422
216 423
217 145
217 148
217 177
217 183
217 184
217 186
217 188
217 190
217 191
217 193
217 194
217 197
217 200
217 201
217 219
217 220
217 221
217 223
217 224
217 239
217 243
217 245
217 248
217 267
217 268
217 273
217 335
217 336
217 337
217 338
217 343
217 344
217 345
217 346
217 347
217 348
217 349
217 367
217 375
217 381
217 384
217 385
217 386
217 390
217 391
217 394
217 395
217 415
217 416
217 422
217 423
217 424
218 143
218 144
218 145
218 146
218 147
218 148
218 149
218 176
218 177
218 186
218 190
218 193
218 194
218 195
218 196
218 197
218 198
218 199
218 200
218 201
218 203
218 221
218 222
218 223
218 239
218 240
218 241
218 242
218 243
218 245
218 248
218 264
218 268
218 273
218 335
218 343
218 344
218 345
218 367
218 375
218 381
218 383
218 384
218 390
218 393
218 394
218 395
218 396
218 416
218 417
218 421
218 422
218 423
219 149
219 193
219 196
219 200
219 201
219 202
219 203
219 205
219 216
219 219
219 223
219 238
219 243
219 245
219 248
219 264
219 268
219 272
219 273
219 274
219 275
219 276
219 334
219 335
219 342
219 343
219 364
219 365
219 366
219 367
219 375
219 379
219 381
219 383
219 389
219 390
219 393
219 394
219 395
219 415
219 416
219 417
219 419
219 421
219 423
219 424
220 147
220 148
220 149
220 150
220 201
220 203
220 204
220 205
220 216
220 217
220 218
220 219
220 220
220 221
220 222
220 223
220 224
220 225
220 226
220 238
220 239
220 240
220 241
220 242
220 243
220 244
220 245
220 246
220 247
220 248
220 249
220 250
220 264
220 268
220 269
220 270
220 271
220 272
220 274
220 332
220 333
220 334
220 335
220 336
220 339
220 341
220 342
220 365
220 366
220 375
220 379
220 381
220 382
220 383
220 384
220 385
220 386
220 387
220 389
220 392
220 393
220 395
220 417
220 419
220 420
220 421
220 422
220 423
220 424
220 437
221 150
221 204
221 205
221 218
221 222
221 223
221 237
221 238
221 240
221 247
221 264
221 265
221 266
221 267
221 268
221 274
221 335
221 336
221 337
221 338
221 339
221 341
221 342
221 364
221 365
221 374
221 375
221 378
221 379
221 381
221 382
221 383
221 387
221 388
221 389
221 390
221 391
221 392
221 393
221 394
221 395
221 416
221 417
221 418
221 419
221 420
221 435
221 436
221 437
222 150
222 153
222 204
222 223
222 224
222 246
222 247
222 249
222 261
222 262
222 267
222 274
222 338
222 341
222 343
222 347
222 365
222 366
222 375
222 379
222 380
222 381
222 382
222 388
222 391
222 393
222 416
222 417
222 418
222 425
222 434
222 435
222 437
223 145
223 150
223 151
223 152
223 153
223 204
223 205
223 221
223 222
223 223
223 224
223 226
223 247
223 248
223 249
223 250
223 251
223 252
223 253
223 261
223 262
223 263
223 267
223 337
223 338
223 339
223 340
223 341
223 342
223 343
223 346
223 347
223 348
223 349
223 350
223 365
223 375
223 377
223 379
223 382
223 383
223 384
223 393
223 415
223 416
223 425
223 428
223 434
223 437
224 144
224 145
224 146
224 147
224 148
224 149
224 150
224 151
224 152
224 153
224 154
224 155
224 156
224 157
224 204
224 205
224 224
224 225
224 226
224 246
224 248
224 249
224 250
224 262
224 267
224 339
224 341
224 346
224 347
224 364
224 365
224 373
224 374
224 375
224 376
224 377
224 378
224 379
224 380
224 381
224 382
224 383
224 410
224 411
224 412
224 413
224 414
224 416
224 417
224 424
224 425
224 428
224 434
225 144
225 156
225 204
225 224
225 225
225 246
225 250
225 262
225 266
225 267
225 268
225 339
225 343
225 344
225 345
225 346
225 363
225 364
225 365
225 367
225 372
225 373
225 380
225 382
225 383
225 413
225 414
225 415
225 416
225 424
225 425
225 426
225 427
225 428
225 429
225 430
225 431
225 432
225 433
225 434
225 435
225 436
226 156
226 157
226 158
226 201
226 204
226 205
226 225
226 245
226 246
226 247
226 248
226 250
226 262
226 265
226 266
226 339
226 340
226 343
226 365
226 366
226 367
226 373
226 375
226 376
226 380
226 382
226 383
226 415
226 424
226 425
226 426
226 427
226 428
227 157
227 158
227 198
227 199
227 200
227 201
227 204
227 205
227 225
227 248
227 249
227 250
227 251
227 261
227 262
227 263
227 264
227 265
227 266
227 267
227 268
227 339
227 343
227 367
227 370
227 373
227 375
227 415
227 422
227 425
227 426
227 429
228 154
228 155
228 156
228 157
228 184
228 185
228 188
228 189
228 198
228 199
228 201
228 202
228 203
228 204
228 205
228 222
228 223
228 224
228 225
228 239
228 248
228 264
228 339
228 341
228 343
228 346
228 363
228 367
228 370
228 372
228 373
228 374
228 375
228 412
228 414
228 415
228 421
228 422
228 425
228 429
228 434
229 156
229 157
229 183
229 184
229 185
229 188
229 198
229 199
229 202
229 204
229 205
229 225
229 239
229 248
229 264
229 265
229 339
229 341
229 342
229 343
229 344
229 345
229 346
229 347
229 363
229 365
229 367
229 370
229 371
229 372
229 375
229 376
229 377
229 412
229 414
229 415
229 417
229 418
229 421
229 425
229 428
229 429
229 430
229 431
229 432
229 433
229 434
230 156
230 157
230 185
230 186
230 187
230 188
230 199
230 205
230 207
230 224
230 225
230 238
230 239
230 243
230 248
230 265
230 267
230 323
230 324
230 325
230 338
230 339
230 340
230 341
230 345
230 363
230 364
230 365
230 366
230 367
230 368
230 369
230 370
230 411
230 412
230 414
230 417
230 420
230 421
230 425
230 428
230 459
230 463
230 466
230 512
231 156
231 157
231 158
231 159
231 160
231 184
231 188
231 192
231 193
231 196
231 199
231 205
231 206
231 207
231 208
231 220
231 225
231 238
231 239
231 240
231 241
231 242
231 243
231 247
231 248
231 249
231 265
231 267
231 274
231 323
231 324
231 340
231 345
231 362
231 363
231 364
231 370
231 371
231 372
231 373
231 374
231 410
231 411
231 412
231 413
231 414
231 415
231 416
231 417
231 418
231 419
231 420
231 424
231 425
231 426
231 427
231 428
231 429
231 430
231 459
231 460
231 461
231 463
231 466
231 512
232 160
232 161
232 173
232 184
232 185
232 186
232 187
232 188
232 189
232 193
232 196
232 199
232 202
232 207
232 220
232 221
232 222
232 225
232 227
232 228
232 229
232 230
232 242
232 247
232 248
232 264
232 265
232 266
232 267
232 269
232 270
232 271
232 272
232 273
232 274
232 321
232 322
232 323
232 337
232 338
232 339
232 340
232 362
232 363
232 412
232 414
232 415
232 416
232 417
232 420
232 421
232 422
232 423
232 424
232 426
232 427
232 434
232 460
232 461
232 463
232 464
232 465
232 466
232 467
232 468
232 469
232 470
232 471
232 512
233 158
233 159
233 160
233 173
233 189
233 190
233 191
233 192
233 193
233 194
233 195
233 196
233 197
233 199
233 200
233 201
233 202
233 203
233 207
233 221
233 222
233 224
233 225
233 226
233 227
233 228
233 229
233 242
233 247
233 248
233 249
233 266
233 268
233 269
233 272
233 301
233 302
233 322
233 323
233 339
233 340
233 354
233 355
233 360
233 361
233 362
233 363
233 412
233 413
233 414
233 420
233 423
233 424
233 426
233 427
233 434
233 460
233 461
233 463
233 470
233 471
233 511
233 512
234 160
234 161
234 166
234 173
234 174
234 193
234 197
234 198
234 199
234 203
234 204
234 207
234 208
234 209
234 222
234 223
234 224
234 225
234 227
234 239
234 240
234 241
234 242
234 243
234 244
234 245
234 247
234 249
234 259
234 265
234 266
234 267
234 268
234 301
234 315
234 322
234 323
234 339
234 341
234 354
234 355
234 361
234 362
234 363
234 364
234 412
234 413
234 414
234 415
234 416
234 423
234 427
234 428
234 429
234 430
234 431
234 432
234 433
234 434
234 460
234 461
234 462
234 463
234 510
234 511
234 512
235 150
235 151
235 159
235 160
235 166
235 167
235 168
235 174
235 199
235 204
235 207
235 208
235 209
235 216
235 225
235 227
235 233
235 245
235 246
235 247
235 248
235 259
235 265
235 266
235 267
235 300
235 301
235 315
235 316
235 317
235 322
235 324
235 339
235 340
235 341
235 350
235 354
235 361
235 398
235 412
235 422
235 423
235 428
235 430
235 458
235 459
235 460
235 461
235 512
236 151
236 159
236 166
236 174
236 203
236 204
236 205
236 206
236 207
236 209
236 210
236 211
236 212
236 216
236 225
236 226
236 227
236 233
236 234
236 245
236 246
236 247
236 258
236 259
236 262
236 266
236 267
236 301
236 316
236 322
236 323
236 324
236 325
236 339
236 350
236 352
236 353
236 354
236 360
236 361
236 362
236 398
236 402
236 410
236 412
236 422
236 430
236 460
236 461
236 512
237 151
237 154
237 157
237 158
237 159
237 160
237 166
237 173
237 174
237 175
237 202
237 203
237 210
237 211
237 212
237 216
237 217
237 227
237 234
237 245
237 258
237 259
237 262
237 266
237 267
237 268
237 279
237 280
237 281
237 301
237 302
237 314
237 315
237 316
237 322
237 323
237 324
237 335
237 339
237 347
237 350
237 352
237 353
237 360
237 361
237 362
237 395
237 396
237 397
237 398
237 402
237 405
237 409
237 410
237 411
237 412
237 413
237 414
237 415
237 416
237 417
237 418
237 419
237 430
237 461
237 512
238 149
238 150
238 151
238 152
238 153
238 154
238 155
238 156
238 159
238 166
238 175
238 212
238 216
238 220
238 227
238 233
238 234
238 235
238 245
238 249
238 259
238 262
238 263
238 264
238 265
238 266
238 279
238 301
238 315
238 316
238 321
238 322
238 335
238 338
238 339
238 340
238 347
238 348
238 350
238 351
238 352
238 353
238 357
238 360
238 376
238 378
238 397
238 402
238 404
238 405
238 406
238 409
238 418
238 461
238 463
238 512
239 137
239 146
239 147
239 154
239 155
239 156
239 159
239 160
239 161
239 162
239 166
239 174
239 175
239 208
239 212
239 216
239 217
239 220
239 223
239 225
239 226
239 227
239 235
239 236
239 238
239 239
239 244
239 245
239 246
239 248
239 249
239 250
239 251
239 259
239 261
239 262
239 279
239 298
239 301
239 315
239 316
239 321
239 322
239 335
239 336
239 338
239 347
239 349
239 350
239 357
239 358
239 360
239 361
239 370
239 371
239 372
239 375
239 376
239 377
239 378
239 392
239 393
239 397
239 402
239 404
239 409
239 413
239 418
239 461
239 463
239 511
239 512
240 136
240 137
240 138
240 147
240 148
240 149
240 152
240 153
240 154
240 155
240 156
240 157
240 158
240 159
240 166
240 167
240 175
240 184
240 186
240 196
240 197
240 198
240 199
240 200
240 204
240 208
240 212
240 213
240 215
240 217
240 218
240 219
240 220
240 221
240 223
240 225
240 227
240 228
240 236
240 238
240 239
240 245
240 249
240 257
240 258
240 259
240 260
240 261
240 279
240 297
240 298
240 299
240 301
240 302
240 316
240 321
240 333
240 336
240 338
240 343
240 344
240 345
240 346
240 347
240 349
240 356
240 357
240 361
240 364
240 365
240 370
240 371
240 374
240 375
240 384
240 392
240 394
240 395
240 397
240 402
240 404
240 409
240 410
240 411
240 412
240 413
240 414
240 415
240 461
240 462
240 463
240 464
240 511
240 512
241 138
241 149
241 154
241 159
241 164
241 166
241 167
241 171
241 172
241 175
241 182
241 184
241 185
241 186
241 189
241 200
241 201
241 204
241 207
241 208
241 209
241 210
241 211
241 212
241 213
241 214
241 215
241 216
241 217
241 218
241 221
241 222
241 223
241 224
241 225
241 228
241 232
241 236
241 237
241 238
241 243
241 244
241 245
241 249
241 257
241 259
241 279
241 285
241 299
241 300
241 301
241 316
241 317
241 321
241 333
241 334
241 335
241 336
241 337
241 338
241 339
241 340
241 341
241 342
241 343
241 347
241 349
241 354
241 357
241 358
241 359
241 360
241 361
241 362
241 363
241 364
241 366
241 367
241 370
241 372
241 373
241 374
241 375
241 376
241 379
241 384
241 392
241 393
241 394
241 395
241 396
241 397
241 399
241 402
241 404
241 408
241 409
241 414
241 415
241 416
241 461
241 464
241 512
242 138
242 143
242 149
242 150
242 154
242 155
242 156
242 157
242 158
242 159
242 160
242 161
242 162
242 163
242 164
242 165
242 166
242 172
242 173
242 174
242 175
242 180
242 182
242 185
242 187
242 189
242 196
242 201
242 202
242 203
242 204
242 207
242 211
242 212
242 213
242 215
242 218
242 221
242 222
242 223
242 227
242 228
242 229
242 232
242 233
242 238
242 239
242 245
242 246
242 249
242 250
242 257
242 259
242 260
242 261
242 264
242 266
242 267
242 268
242 269
242 270
242 271
242 279
242 280
242 281
242 282
242 283
242 284
242 285
242 301
242 303
242 317
242 321
242 326
242 331
242 334
242 337
242 339
242 340
242 347
242 348
242 349
242 350
242 352
242 353
242 354
242 357
242 361
242 364
242 365
242 366
242 369
242 370
242 371
242 372
242 379
242 383
242 384
242 394
242 395
242 396
242 399
242 402
242 403
242 404
242 408
242 409
242 415
242 461
242 475
242 508
242 509
242 510
242 511
242 512
243 133
243 134
243 135
243 136
243 138
243 143
243 147
243 148
243 149
243 150
243 158
243 162
243 166
243 168
243 171
243 175
243 177
243 179
243 180
243 181
243 182
243 183
243 184
243 185
243 186
243 187
243 188
243 189
243 190
243 191
243 192
243 193
243 194
243 195
243 196
243 197
243 198
243 201
243 202
243 203
243 204
243 205
243 206
243 207
243 210
243 211
243 213
243 218
243 221
243 222
243 229
243 230
243 231
243 232
243 233
243 234
243 235
243 236
243 237
243 238
243 239
243 242
243 246
243 247
243 250
243 257
243 259
243 260
243 261
243 262
243 263
243 264
243 265
243 266
243 269
243 278
243 279
243 285
243 301
243 302
243 303
243 314
243 315
243 316
243 317
243 318
243 319
243 320
243 321
243 322
243 323
243 326
243 327
243 331
243 332
243 334
243 338
243 339
243 340
243 341
243 342
243 343
243 348
243 349
243 350
243 352
243 354
243 355
243 356
243 357
243 358
243 359
243 361
243 366
243 369
243 372
243 373
243 374
243 375
243 378
243 379
243 380
243 381
243 382
243 383
243 385
243 387
243 389
243 390
243 391
243 392
243 393
243 394
243 395
243 399
243 400
243 401
243 402
243 403
243 404
243 405
243 406
243 407
243 408
243 457
243 458
243 461
243 462
243 470
243 475
243 476
243 512
244 136
244 138
244 141
244 143
244 150
244 151
244 157
244 158
244 165
244 166
244 167
244 168
244 169
244 171
244 172
244 173
244 174
244 175
244 176
244 177
244 179
244 183
244 187
244 189
244 191
244 194
244 195
244 196
244 197
244 198
244 199
244 200
244 201
244 203
244 207
244 210
244 213
244 217
244 218
244 222
244 223
244 229
244 231
244 233
244 238
244 239
244 240
244 241
244 242
244 243
244 247
244 248
244 250
244 257
244 261
244 269
244 277
244 278
244 300
244 301
244 303
244 319
244 320
244 326
244 332
244 333
244 334
244 342
244 350
244 351
244 352
244 356
244 358
244 359
244 360
244 366
244 367
244 368
244 369
244 374
244 375
244 376
244 377
244 378
244 379
244 380
244 383
244 384
244 385
244 386
244 387
244 388
244 389
244 390
244 391
244 393
244 395
244 396
244 399
244 403
244 405
244 408
244 409
244 417
244 458
244 459
244 461
244 470
244 475
244 476
244 480
244 512
245 136
245 137
245 138
245 139
245 140
245 141
245 142
245 143
245 144
245 151
245 152
245 155
245 156
245 157
245 167
245 169
245 170
245 171
245 172
245 174
245 175
245 177
245 178
245 179
245 186
245 187
245 188
245 194
245 196
245 197
245 200
245 202
245 203
245 205
245 206
245 207
245 217
245 218
245 231
245 233
245 235
245 236
245 237
245 238
245 239
245 241
245 243
245 248
245 249
245 250
245 251
245 255
245 256
245 257
245 261
245 262
245 277
245 300
245 301
245 302
245 303
245 320
245 326
245 328
245 332
245 342
245 351
245 352
245 353
245 360
245 368
245 375
245 379
245 380
245 385
245 388
245 389
245 396
245 397
245 398
245 399
245 409
245 411
245 412
245 417
245 458
245 459
245 460
245 461
245 470
245 475
245 476
245 477
245 478
245 480
245 481
245 482
245 483
245 512
246 136
246 144
246 149
246 150
246 152
246 156
246 167
246 169
246 170
246 174
246 175
246 177
246 178
246 179
246 186
246 200
246 203
246 206
246 230
246 231
246 234
246 235
246 237
246 239
246 243
246 250
246 251
246 257
246 259
246 261
246 262
246 263
246 277
246 300
246 301
246 302
246 304
246 305
246 319
246 320
246 321
246 326
246 328
246 330
246 331
246 332
246 335
246 336
246 353
246 354
246 368
246 369
246 375
246 389
246 397
246 399
246 409
246 411
246 412
246 415
246 417
246 461
246 469
246 470
246 476
246 477
246 478
246 480
246 483
246 484
246 512
247 143
247 144
247 150
247 151
247 152
247 153
247 154
247 155
247 156
247 167
247 169
247 174
247 177
247 178
247 179
247 186
247 200
247 203
247 204
247 230
247 234
247 238
247 239
247 243
247 244
247 245
247 251
247 252
247 257
247 258
247 259
247 260
247 261
247 277
247 281
247 301
247 302
247 304
247 319
247 326
247 327
247 328
247 329
247 330
247 332
247 333
247 334
247 335
247 352
247 353
247 354
247 355
247 368
247 375
247 389
247 396
247 397
247 399
247 400
247 409
247 410
247 411
247 412
247 413
247 414
247 415
247 416
247 417
247 418
247 419
247 460
247 461
247 463
247 464
247 465
247 469
247 470
247 475
247 476
247 478
247 479
247 480
247 482
247 483
247 510
247 511
247 512
248 139
248 140
248 141
248 142
248 143
248 144
248 145
248 146
248 147
248 148
248 149
248 150
248 155
248 166
248 167
248 172
248 173
248 174
248 175
248 179
248 204
248 229
248 230
248 231
248 234
248 242
248 243
248 244
248 246
248 247
248 252
248 258
248 259
248 261
248 270
248 277
248 281
248 282
248 283
248 302
248 303
248 304
248 305
248 319
248 322
248 323
248 324
248 325
248 326
248 328
248 330
248 334
248 335
248 336
248 354
248 368
248 369
248 370
248 375
248 389
248 397
248 399
248 409
248 414
248 419
248 435
248 442
248 461
248 464
248 468
248 469
248 473
248 474
248 475
248 480
248 481
248 482
248 483
248 484
248 485
248 511
248 512
249 140
249 145
249 149
249 155
249 167
249 168
249 169
249 179
249 204
249 242
249 243
249 244
249 245
249 246
249 247
249 252
249 257
249 258
249 270
249 271
249 277
249 278
249 279
249 281
249 291
249 292
249 293
249 294
249 302
249 319
249 321
249 322
249 330
249 334
249 335
249 353
249 354
249 360
249 362
249 369
249 375
249 376
249 377
249 389
249 399
249 400
249 401
249 409
249 410
249 411
249 412
249 422
249 435
249 440
249 441
249 442
249 460
249 461
249 464
249 468
249 470
249 471
249 472
249 473
249 474
249 475
249 476
249 512
250 140
250 144
250 145
250 154
250 155
250 168
250 179
250 203
250 204
250 243
250 244
250 245
250 247
250 248
250 249
250 250
250 251
250 252
250 258
250 263
250 265
250 266
250 270
250 278
250 279
250 280
250 281
250 282
250 292
250 293
250 294
250 302
250 319
250 320
250 321
250 335
250 336
250 337
250 338
250 339
250 340
250 353
250 354
250 355
250 356
250 357
250 358
250 359
250 360
250 361
250 362
250 363
250 375
250 377
250 380
250 381
250 382
250 383
250 384
250 389
250 390
250 398
250 399
250 401
250 402
250 403
250 409
250 411
250 412
250 421
250 422
250 435
250 439
250 440
250 452
250 461
250 462
250 463
250 464
250 465
250 466
250 467
250 468
250 469
250 470
250 471
250 512
251 143
251 144
251 155
251 168
251 178
251 179
251 180
251 245
251 247
251 248
251 249
251 252
251 253
251 256
251 257
251 258
251 263
251 264
251 265
251 266
251 269
251 270
251 278
251 293
251 301
251 302
251 316
251 319
251 320
251 321
251 322
251 334
251 335
251 337
251 340
251 341
251 343
251 353
251 354
251 356
251 360
251 362
251 363
251 364
251 365
251 377
251 378
251 379
251 380
251 381
251 382
251 384
251 385
251 386
251 389
251 390
251 391
251 398
251 401
251 403
251 409
251 412
251 413
251 414
251 415
251 416
251 420
251 421
251 423
251 424
251 425
251 434
251 435
251 436
251 437
251 438
251 439
251 452
251 461
251 467
251 471
251 472
251 512
252 142
252 143
252 180
252 253
252 254
252 255
252 257
252 263
252 269
252 278
252 292
252 293
252 294
252 296
252 297
252 302
252 304
252 316
252 318
252 319
252 320
252 326
252 327
252 340
252 341
252 343
252 356
252 357
252 360
252 362
252 378
252 380
252 383
252 384
252 391
252 401
252 408
252 409
252 410
252 415
252 416
252 420
252 423
252 424
252 425
252 426
252 432
252 433
252 434
252 436
252 439
252 440
252 441
252 452
252 453
252 460
252 461
252 462
252 471
252 512
253 255
253 256
253 257
253 262
253 263
253 269
253 270
253 271
253 272
253 273
253 275
253 277
253 278
253 284
253 285
253 293
253 296
253 300
253 301
253 302
253 303
253 304
253 305
253 312
253 316
253 318
253 325
253 326
253 340
253 341
253 342
253 343
253 344
253 345
253 356
253 359
253 360
253 362
253 363
253 364
253 365
253 378
253 384
253 390
253 391
253 401
253 410
253 415
253 416
253 417
253 418
253 419
253 420
253 422
253 423
253 432
253 452
253 453
253 455
253 458
253 460
253 462
253 471
253 512
254 256
254 262
254 263
254 269
254 275
254 278
254 285
254 292
254 293
254 295
254 296
254 297
254 301
254 306
254 312
254 314
254 316
254 317
254 318
254 319
254 325
254 340
254 343
254 344
254 345
254 355
254 356
254 359
254 362
254 384
254 391
254 392
254 399
254 400
254 401
254 402
254 408
254 409
254 410
254 414
254 415
254 420
254 421
254 422
254 423
254 432
254 433
254 434
254 453
254 454
254 455
254 457
254 458
254 459
254 460
254 461
254 462
254 471
254 512
255 234
255 235
255 255
255 256
255 257
255 258
255 259
255 260
255 261
255 262
255 263
255 264
255 265
255 266
255 268
255 269
255 272
255 275
255 276
255 277
255 278
255 280
255 285
255 289
255 290
255 292
255 295
255 301
255 302
255 303
255 304
255 305
255 306
255 307
255 308
255 309
255 310
255 311
255 312
255 313
255 314
255 315
255 316
255 317
255 319
255 320
255 322
255 325
255 339
255 340
255 343
255 356
255 362
255 363
255 392
255 393
255 394
255 395
255 414
255 422
255 430
255 431
255 432
255 455
255 456
255 457
255 460
255 461
255 480
255 512
256 231
256 232
256 235
256 256
256 259
256 260
256 262
256 265
256 266
256 268
256 269
256 270
256 271
256 272
256 273
256 274
256 275
256 276
256 278
256 280
256 285
256 286
256 287
256 290
256 292
256 295
256 298
256 299
256 300
256 301
256 303
256 306
256 308
256 317
256 320
256 321
256 322
256 323
256 324
256 325
256 340
256 343
256 344
256 354
256 355
256 356
256 363
256 364
256 365
256 392
256 395
256 412
256 413
256 414
256 415
256 416
256 417
256 422
256 431
256 443
256 444
256 455
256 456
256 477
256 480
256 482
256 484
256 512
257 232
257 233
257 234
257 235
257 236
257 252
257 253
257 254
257 255
257 256
257 260
257 265
257 266
257 267
257 268
257 271
257 272
257 273
257 276
257 277
257 278
257 279
257 280
257 281
257 283
257 286
257 287
257 288
257 289
257 290
257 291
257 292
257 293
257 294
257 295
257 296
257 297
257 298
257 300
257 303
257 308
257 309
257 317
257 320
257 322
257 323
257 342
257 343
257 344
257 345
257 353
257 354
257 356
257 363
257 364
257 395
257 411
257 412
257 415
257 422
257 427
257 431
257 432
257 433
257 434
257 435
257 437
257 444
257 445
257 455
257 456
257 457
257 476
257 477
257 478
257 479
257 480
257 481
257 482
257 483
257 484
257 512
258 117
258 236
258 237
258 240
258 247
258 248
258 249
258 250
258 251
258 252
258 255
258 256
258 267
258 268
258 269
258 272
258 276
258 277
258 280
258 281
258 282
258 283
258 284
258 285
258 286
258 287
258 289
258 293
258 296
258 297
258 298
258 299
258 300
258 303
258 308
258 309
258 317
258 318
258 323
258 324
258 326
258 342
258 344
258 356
258 361
258 363
258 395
258 415
258 416
258 417
258 422
258 426
258 427
258 428
258 429
258 430
258 431
258 435
258 436
258 437
258 444
258 445
258 455
258 457
258 475
258 476
258 477
258 509
258 510
258 512
259 117
259 237
259 240
259 255
259 267
259 268
259 272
259 273
259 274
259 280
259 282
259 284
259 285
259 287
259 289
259 290
259 293
259 300
259 303
259 309
259 310
259 311
259 317
259 323
259 324
259 326
259 327
259 328
259 329
259 330
259 331
259 332
259 342
259 344
259 345
259 361
259 363
259 364
259 395
259 416
259 422
259 423
259 424
259 425
259 426
259 427
259 429
259 444
259 445
259 455
259 476
259 510
259 511
259 512
260 114
260 117
260 234
260 235
260 236
260 237
260 238
260 239
260 240
260 241
260 251
260 252
260 253
260 254
260 255
260 256
260 257
260 267
260 271
260 272
260 279
260 280
260 287
260 300
260 303
260 308
260 309
260 311
260 317
260 323
260 324
260 325
260 326
260 327
260 341
260 342
260 343
260 345
260 361
260 362
260 363
260 364
260 367
260 416
260 422
260 426
260 427
260 443
260 444
260 455
260 476
260 509
260 510
260 511
260 512
261 114
261 117
261 118
261 241
261 251
261 252
261 253
261 280
261 287
261 288
261 289
261 290
261 300
261 301
261 302
261 303
261 307
261 308
261 311
261 312
261 322
261 323
261 324
261 325
261 327
261 342
261 345
261 361
261 364
261 365
261 366
261 367
261 368
261 370
261 371
261 413
261 414
261 415
261 416
261 417
261 418
261 419
261 422
261 426
261 427
261 428
261 429
261 430
261 431
261 433
261 438
261 443
261 455
261 466
261 472
261 473
261 476
261 479
261 480
261 481
261 486
261 487
261 496
261 505
261 507
261 508
261 509
261 511
261 512
262 114
262 115
262 116
262 117
262 239
262 240
262 241
262 252
262 253
262 254
262 280
262 281
262 286
262 287
262 290
262 291
262 292
262 300
262 302
262 307
262 308
262 312
262 313
262 322
262 326
262 341
262 342
262 343
262 344
262 361
262 365
262 368
262 369
262 370
262 372
262 373
262 374
262 375
262 415
262 417
262 422
262 426
262 431
262 432
262 433
262 438
262 439
262 443
262 454
262 455
262 466
262 467
262 469
262 473
262 476
262 478
262 479
262 486
262 487
262 490
262 495
262 496
262 505
262 507
262 509
262 512
263 115
263 241
263 242
263 243
263 246
263 252
263 254
263 255
263 260
263 280
263 286
263 287
263 290
263 300
263 302
263 307
263 308
263 309
263 310
263 311
263 313
263 314
263 315
263 322
263 323
263 324
263 325
263 326
263 343
263 361
263 365
263 366
263 369
263 370
263 371
263 372
263 374
263 375
263 376
263 377
263 378
263 417
263 426
263 432
263 433
263 434
263 435
263 436
263 437
263 438
263 441
263 442
263 443
263 452
263 455
263 457
263 458
263 461
263 462
263 465
263 466
263 467
263 468
263 469
263 470
263 471
263 472
263 473
263 474
263 475
263 476
263 477
263 478
263 486
263 490
263 495
263 503
263 504
263 505
263 507
263 510
263 511
263 512
264 111
264 115
264 127
264 242
264 244
264 246
264 249
264 250
264 251
264 252
264 255
264 256
264 257
264 258
264 259
264 260
264 261
264 262
264 290
264 302
264 307
264 311
264 313
264 315
264 322
264 324
264 326
264 329
264 330
264 331
264 332
264 333
264 334
264 343
264 366
264 370
264 372
264 377
264 426
264 435
264 437
264 438
264 439
264 440
264 441
264 452
264 454
264 455
264 457
264 459
264 460
264 462
264 463
264 464
264 465
264 470
264 473
264 477
264 485
264 486
264 487
264 488
264 489
264 490
264 491
264 492
264 493
264 495
264 496
264 497
264 498
264 500
264 504
264 506
264 507
264 508
264 509
264 510
264 512
265 108
265 109
265 110
265 111
265 112
265 113
265 114
265 115
265 127
265 128
265 240
265 241
265 242
265 243
265 244
265 245
265 246
265 251
265 262
265 290
265 291
265 301
265 302
265 303
265 307
265 322
265 326
265 327
265 328
265 329
265 330
265 331
265 343
265 344
265 364
265 365
265 366
265 367
265 372
265 377
265 425
265 426
265 427
265 428
265 434
265 435
265 437
265 440
265 444
265 450
265 451
265 452
265 453
265 454
265 455
265 456
265 457
265 458
265 459
265 462
265 477
265 478
265 479
265 482
265 483
265 484
265 485
265 490
265 493
265 494
265 495
265 498
265 499
265 500
265 501
265 502
265 503
265 504
265 505
265 506
265 507
265 508
265 512
266 108
266 114
266 119
266 128
266 129
266 130
266 236
266 237
266 238
266 239
266 240
266 245
266 246
266 247
266 248
266 249
266 250
266 251
266 252
266 262
266 290
266 293
266 294
266 307
266 308
266 321
266 322
266 327
266 328
266 330
266 344
266 363
266 364
266 372
266 425
266 426
266 428
266 429
266 430
266 439
266 440
266 441
266 442
266 443
266 444
266 445
266 446
266 447
266 448
266 449
266 450
266 451
266 452
266 459
266 460
266 461
266 462
266 463
266 464
266 465
266 466
266 467
266 478
266 479
266 480
266 481
266 482
266 484
266 485
266 486
266 495
266 500
266 503
266 508
266 512
267 111
267 112
267 114
267 115
267 117
267 118
267 119
267 129
267 130
267 240
267 245
267 246
267 249
267 250
267 252
267 262
267 288
267 289
267 290
267 291
267 292
267 293
267 307
267 321
267 327
267 328
267 330
267 331
267 332
267 333
267 344
267 361
267 362
267 363
267 372
267 425
267 429
267 439
267 445
267 448
267 452
267 460
267 461
267 465
267 467
267 479
267 482
267 483
267 485
267 495
267 500
267 503
267 504
267 505
267 512
268 112
268 113
268 114
268 115
268 116
268 117
268 119
268 120
268 121
268 122
268 129
268 130
268 241
268 242
268 243
268 244
268 245
268 249
268 252
268 262
268 263
268 288
268 292
268 307
268 321
268 322
268 327
268 330
268 344
268 345
268 360
268 361
268 362
268 363
268 372
268 375
268 424
268 425
268 429
268 430
268 437
268 438
268 439
268 440
268 441
268 445
268 448
268 452
268 460
268 465
268 466
268 479
268 480
268 483
268 495
268 500
268 503
268 505
268 506
268 512
269 112
269 122
269 123
269 125
269 130
269 238
269 249
269 250
269 263
269 288
269 289
269 292
269 293
269 306
269 307
269 321
269 327
269 330
269 344
269 360
269 372
269 373
269 374
269 375
269 376
269 377
269 422
269 423
269 424
269 425
269 429
269 436
269 437
269 441
269 445
269 452
269 454
269 460
269 461
269 462
269 479
269 483
269 500
269 503
269 506
269 507
269 512
270 123
270 125
270 130
270 131
270 132
270 238
270 239
270 241
270 247
270 248
270 249
270 263
270 264
270 288
270 292
270 293
270 294
270 307
270 308
270 309
270 310
270 313
270 321
270 322
270 323
270 324
270 327
270 344
270 360
270 370
270 371
270 372
270 375
270 377
270 391
270 392
270 429
270 435
270 436
270 441
270 445
270 452
270 453
270 454
270 456
270 460
270 461
270 479
270 506
270 512
271 118
271 123
271 124
271 125
271 131
271 233
271 238
271 239
271 241
271 243
271 245
271 246
271 247
271 249
271 250
271 251
271 263
271 288
271 292
271 294
271 295
271 308
271 310
271 311
271 312
271 313
271 314
271 315
271 321
271 327
271 358
271 359
271 360
271 361
271 371
271 375
271 390
271 391
271 427
271 428
271 429
271 436
271 441
271 453
271 454
271 455
271 456
271 457
271 479
271 506
271 507
271 512
272 118
272 125
272 130
272 131
272 132
272 222
272 233
272 235
272 238
272 239
272 240
272 241
272 242
272 243
272 244
272 245
272 247
272 249
272 250
272 251
272 252
272 263
272 266
272 270
272 287
272 288
272 289
272 292
272 294
272 295
272 308
272 315
272 321
272 322
272 323
272 327
272 328
272 359
272 371
272 375
272 386
272 390
272 391
272 392
272 393
272 397
272 400
272 427
272 441
272 442
272 444
272 453
272 456
272 457
272 478
272 479
272 480
272 481
272 482
272 483
272 506
272 507
272 512
273 117
273 118
273 119
273 125
273 128
273 129
273 131
273 209
273 222
273 233
273 234
273 235
273 236
273 240
273 243
273 245
273 250
273 251
273 252
273 253
273 254
273 255
273 256
273 263
273 264
273 265
273 266
273 267
273 268
273 269
273 270
273 271
273 276
273 291
273 292
273 295
273 307
273 308
273 309
273 315
273 316
273 321
273 327
273 359
273 371
273 375
273 376
273 377
273 378
273 384
273 386
273 389
273 390
273 391
273 393
273 394
273 395
273 396
273 397
273 399
273 400
273 401
273 442
273 443
273 444
273 456
273 458
273 481
273 507
273 512
274 119
274 120
274 121
274 122
274 123
274 124
274 125
274 126
274 127
274 128
274 129
274 130
274 131
274 209
274 222
274 223
274 224
274 225
274 226
274 227
274 228
274 229
274 230
274 231
274 232
274 233
274 235
274 236
274 237
274 238
274 239
274 240
274 245
274 250
274 262
274 263
274 264
274 265
274 268
274 271
274 272
274 273
274 274
274 275
274 276
274 292
274 305
274 306
274 307
274 309
274 310
274 316
274 317
274 321
274 322
274 358
274 359
274 360
274 369
274 370
274 371
274 375
274 377
274 378
274 379
274 380
274 381
274 382
274 383
274 384
274 385
274 386
274 387
274 388
274 389
274 390
274 394
274 396
274 397
274 398
274 399
274 443
274 444
274 456
274 458
274 481
274 482
274 483
274 484
274 512
275 107
275 113
275 124
275 129
275 130
275 186
275 208
275 209
275 210
275 211
275 228
275 229
275 240
275 250
275 262
275 263
275 265
275 268
275 271
275 273
275 274
275 292
275 307
275 316
275 317
275 321
275 332
275 359
275 360
275 371
275 375
275 377
275 380
275 383
275 386
275 387
275 389
275 390
275 391
275 392
275 398
275 443
275 444
275 445
275 446
275 456
275 457
275 458
275 459
275 462
275 463
275 481
275 483
275 484
275 485
275 486
275 487
275 488
275 512
276 107
276 113
276 121
276 122
276 124
276 128
276 129
276 130
276 131
276 132
276 171
276 186
276 187
276 211
276 212
276 237
276 238
276 239
276 240
276 247
276 248
276 249
276 250
276 251
276 265
276 271
276 274
276 291
276 292
276 293
276 307
276 317
276 321
276 322
276 323
276 324
276 332
276 360
276 371
276 372
276 375
276 380
276 383
276 387
276 392
276 398
276 442
276 443
276 444
276 457
276 458
276 459
276 460
276 461
276 462
276 463
276 467
276 468
276 470
276 486
276 511
276 512
277 106
277 107
277 113
277 121
277 122
277 123
277 124
277 125
277 130
277 132
277 170
277 171
277 172
277 173
277 177
277 187
277 211
277 212
277 239
277 240
277 248
277 249
277 250
277 251
277 252
277 253
277 254
277 265
277 271
277 274
277 275
277 276
277 277
277 292
277 293
277 295
277 307
277 317
277 321
277 324
277 325
277 326
277 327
277 328
277 329
277 330
277 331
277 332
277 359
277 360
277 372
277 375
277 376
277 379
277 380
277 381
277 387
277 392
277 393
277 394
277 395
277 398
277 444
277 457
277 459
277 460
277 461
277 462
277 463
277 467
277 468
277 469
277 470
277 471
277 472
277 473
277 474
277 475
277 476
277 477
277 485
277 486
277 487
277 488
277 491
277 512
278 103
278 106
278 112
278 113
278 114
278 115
278 116
278 117
278 118
278 119
278 120
278 121
278 122
278 123
278 132
278 133
278 153
278 173
278 177
278 178
278 180
278 186
278 187
278 188
278 189
278 198
278 199
278 211
278 234
278 239
278 248
278 249
278 250
278 251
278 252
278 254
278 265
278 274
278 277
278 280
278 291
278 292
278 293
278 294
278 295
278 307
278 308
278 316
278 317
278 324
278 327
278 328
278 329
278 332
278 360
278 369
278 372
278 381
278 387
278 393
278 395
278 396
278 398
278 438
278 439
278 440
278 441
278 442
278 443
278 444
278 445
278 446
278 447
278 455
278 456
278 457
278 459
278 461
278 463
278 464
278 465
278 466
278 467
278 471
278 475
278 484
278 485
278 486
278 491
278 512
279 103
279 104
279 105
279 106
279 107
279 111
279 113
279 116
279 118
279 120
279 121
279 131
279 132
279 133
279 145
279 146
279 147
279 151
279 152
279 153
279 173
279 178
279 179
279 180
279 188
279 198
279 210
279 211
279 219
279 234
279 236
279 237
279 239
279 249
279 252
279 253
279 254
279 255
279 256
279 265
279 276
279 277
279 278
279 279
279 280
279 281
279 293
279 295
279 306
279 307
279 316
279 323
279 324
279 332
279 357
279 358
279 359
279 360
279 369
279 370
279 371
279 372
279 381
279 382
279 387
279 393
279 440
279 444
279 445
279 446
279 456
279 458
279 459
279 463
279 465
279 467
279 468
279 471
279 475
279 476
279 477
279 478
279 486
279 487
279 488
279 489
279 490
279 491
279 492
279 493
279 494
279 495
279 496
279 497
279 512
280 99
280 107
280 109
280 111
280 112
280 113
280 118
280 121
280 131
280 132
280 133
280 134
280 135
280 140
280 141
280 143
280 145
280 153
280 173
280 174
280 175
280 176
280 177
280 178
280 179
280 180
280 181
280 182
280 188
280 189
280 198
280 199
280 211
280 213
280 215
280 219
280 228
280 234
280 235
280 236
280 237
280 238
280 239
280 244
280 245
280 246
280 247
280 248
280 249
280 255
280 256
280 278
280 290
280 291
280 292
280 293
280 295
280 296
280 297
280 305
280 306
280 307
280 314
280 315
280 316
280 323
280 324
280 325
280 326
280 332
280 360
280 370
280 372
280 382
280 387
280 388
280 389
280 440
280 444
280 445
280 446
280 447
280 456
280 459
280 460
280 463
280 465
280 468
280 475
280 476
280 478
280 486
280 489
280 491
280 493
280 496
280 497
280 498
280 499
280 500
280 502
280 512
281 99
281 100
281 102
281 103
281 104
281 105
281 106
281 107
281 108
281 109
281 110
281 111
281 113
281 114
281 118
281 120
281 121
281 122
281 133
281 134
281 135
281 140
281 141
281 142
281 143
281 144
281 145
281 153
281 172
281 173
281 175
281 181
281 182
281 185
281 188
281 199
281 200
281 201
281 205
281 206
281 207
281 208
281 209
281 210
281 211
281 212
281 213
281 214
281 215
281 216
281 217
281 219
281 227
281 228
281 230
281 239
281 249
281 255
281 277
281 278
281 279
281 290
281 291
281 296
281 306
281 307
281 313
281 314
281 316
281 325
281 326
281 327
281 328
281 329
281 360
281 372
281 381
281 382
281 387
281 440
281 447
281 448
281 456
281 457
281 459
281 465
281 466
281 476
281 484
281 485
281 486
281 490
281 491
281 493
281 497
281 498
281 500
281 501
281 502
281 512
282 99
282 100
282 101
282 103
282 109
282 111
282 113
282 118
282 121
282 135
282 138
282 139
282 140
282 141
282 142
282 153
282 155
282 156
282 157
282 158
282 182
282 183
282 184
282 185
282 186
282 187
282 188
282 201
282 212
282 217
282 218
282 219
282 225
282 226
282 227
282 228
282 229
282 230
282 231
282 238
282 239
282 249
282 250
282 252
282 279
282 291
282 296
282 306
282 307
282 308
282 316
282 317
282 323
282 324
282 325
282 327
282 360
282 361
282 370
282 371
282 372
282 381
282 382
282 386
282 387
282 388
282 389
282 390
282 391
282 438
282 439
282 440
282 446
282 447
282 448
282 449
282 450
282 451
282 459
282 465
282 466
282 467
282 491
282 493
282 494
282 495
282 502
282 512
283 101
283 102
283 103
283 109
283 112
283 113
283 118
283 121
283 134
283 135
283 136
283 137
283 140
283 142
283 143
283 145
283 149
283 150
283 153
283 155
283 182
283 184
283 188
283 189
283 190
283 201
283 202
283 203
283 208
283 211
283 212
283 219
283 221
283 222
283 226
283 231
283 238
283 249
283 250
283 251
283 252
283 296
283 307
283 323
283 325
283 327
283 328
283 359
283 360
283 361
283 362
283 363
283 371
283 372
283 381
283 386
283 388
283 389
283 392
283 438
283 439
283 440
283 449
283 459
283 491
283 512
284 101
284 103
284 109
284 120
284 121
284 137
284 140
284 143
284 144
284 145
284 146
284 147
284 149
284 153
284 155
284 188
284 202
284 203
284 204
284 208
284 209
284 210
284 211
284 218
284 219
284 220
284 221
284 222
284 223
284 224
284 225
284 226
284 229
284 230
284 231
284 232
284 238
284 251
284 261
284 296
284 297
284 324
284 325
284 327
284 363
284 364
284 379
284 380
284 381
284 385
284 386
284 388
284 389
284 390
284 391
284 392
284 439
284 447
284 448
284 449
284 459
284 463
284 491
284 512
285 101
285 103
285 109
285 137
285 138
285 140
285 141
285 142
285 143
285 147
285 148
285 149
285 150
285 151
285 153
285 154
285 155
285 156
285 186
285 187
285 188
285 202
285 204
285 209
285 218
285 220
285 221
285 226
285 227
285 231
285 232
285 233
285 234
285 235
285 236
285 237
285 238
285 239
285 240
285 250
285 251
285 252
285 259
285 260
285 261
285 296
285 324
285 325
285 327
285 362
285 363
285 364
285 365
285 379
285 381
285 382
285 388
285 389
285 392
285 393
285 394
285 395
285 396
285 439
285 446
285 447
285 459
285 462
285 463
285 464
285 490
285 491
285 512
286 101
286 109
286 110
286 137
286 138
286 139
286 140
286 148
286 151
286 152
286 153
286 154
286 162
286 172
286 175
286 188
286 193
286 200
286 204
286 208
286 209
286 217
286 218
286 225
286 226
286 227
286 228
286 229
286 230
286 231
286 234
286 239
286 252
286 253
286 254
286 255
286 256
286 257
286 258
286 259
286 260
286 296
286 297
286 325
286 326
286 327
286 328
286 330
286 331
286 332
286 364
286 365
286 379
286 381
286 389
286 396
286 437
286 438
286 439
286 440
286 447
286 458
286 459
286 460
286 461
286 462
286 463
286 464
286 465
286 510
286 511
286 512
287 109
287 136
287 137
287 153
287 154
287 155
287 156
287 161
287 162
287 172
287 173
287 174
287 175
287 176
287 188
287 189
287 193
287 200
287 201
287 204
287 209
287 217
287 218
287 226
287 227
287 234
287 235
287 239
287 252
287 255
287 256
287 259
287 260
287 296
287 297
287 298
287 299
287 325
287 328
287 329
287 330
287 331
287 332
287 333
287 334
287 335
287 365
287 379
287 381
287 389
287 390
287 391
287 436
287 437
287 439
287 447
287 459
287 462
287 465
287 469
287 470
287 471
287 472
287 473
287 512
288 106
288 107
288 108
288 109
288 133
288 134
288 135
288 136
288 137
288 153
288 154
288 155
288 156
288 159
288 162
288 164
288 176
288 188
288 193
288 201
288 202
288 203
288 204
288 205
288 206
288 207
288 208
288 209
288 225
288 226
288 234
288 239
288 252
288 253
288 254
288 255
288 260
288 261
288 294
288 295
288 296
288 298
288 299
288 325
288 331
288 333
288 365
288 366
288 367
288 378
288 379
288 389
288 391
288 392
288 393
288 434
288 435
288 436
288 439
288 447
288 455
288 456
288 458
288 459
288 460
288 465
288 466
288 467
288 468
288 469
288 470
288 512
289 133
289 156
289 157
289 158
289 159
289 160
289 161
289 162
289 164
289 173
289 176
289 187
289 188
289 189
289 190
289 191
289 192
289 193
289 194
289 195
289 196
289 197
289 202
289 203
289 206
289 209
289 210
289 226
289 234
289 251
289 252
289 253
289 294
289 296
289 297
289 322
289 323
289 324
289 325
289 326
289 327
289 328
289 366
289 367
289 378
289 379
289 389
289 391
289 392
289 439
289 455
289 456
289 457
289 458
289 460
289 468
289 512
290 147
290 148
290 149
290 154
290 155
290 156
290 162
290 164
290 166
290 172
290 173
290 174
290 176
290 177
290 188
290 189
290 190
290 191
290 193
290 197
290 198
290 199
290 200
290 201
290 202
290 206
290 208
290 209
290 226
290 231
290 232
290 233
290 234
290 235
290 236
290 251
290 297
290 320
290 322
290 325
290 326
290 328
290 329
290 366
290 378
290 388
290 389
290 392
290 393
290 394
290 396
290 439
290 456
290 457
290 458
290 460
290 461
290 512
291 145
291 146
291 149
291 150
291 151
291 152
291 153
291 154
291 155
291 156
291 161
291 162
291 163
291 164
291 166
291 167
291 174
291 175
291 176
291 177
291 188
291 191
291 198
291 199
291 202
291 203
291 235
291 251
291 296
291 297
291 318
291 319
291 320
291 321
291 322
291 328
291 329
291 378
291 379
291 380
291 393
291 396
291 438
291 439
291 458
291 461
291 512
292 146
292 147
292 148
292 149
292 153
292 155
292 159
292 160
292 161
292 163
292 164
292 165
292 166
292 167
292 168
292 174
292 176
292 177
292 178
292 179
292 180
292 181
292 182
292 183
292 184
292 185
292 186
292 187
292 188
292 191
292 192
292 196
292 197
292 198
292 203
292 235
292 250
292 251
292 252
292 262
292 297
292 322
292 329
292 330
292 331
292 332
292 334
292 378
292 380
292 381
292 382
292 392
292 393
292 394
292 395
292 396
292 438
292 458
292 461
292 462
292 463
292 464
292 465
292 466
292 467
292 469
292 512
293 149
293 153
293 155
293 168
293 169
293 174
293 175
293 176
293 179
293 183
293 184
293 187
293 188
293 191
293 195
293 196
293 202
293 203
293 228
293 235
293 236
293 250
293 258
293 259
293 260
293 261
293 262
293 263
293 297
293 322
293 329
293 332
293 333
293 334
293 335
293 336
293 337
293 338
293 339
293 340
293 341
293 342
293 376
293 377
293 378
293 381
293 382
293 392
293 396
293 458
293 462
293 464
293 466
293 467
293 468
293 469
294 152
294 153
294 163
294 169
294 173
294 174
294 178
294 179
294 188
294 196
294 197
294 200
294 201
294 202
294 203
294 225
294 227
294 228
294 229
294 230
294 231
294 232
294 233
294 234
294 235
294 246
294 247
294 248
294 249
294 250
294 251
294 252
294 253
294 254
294 255
294 256
294 257
294 258
294 261
294 263
294 266
294 267
294 268
294 269
294 297
294 322
294 329
294 335
294 340
294 377
294 381
294 458
294 459
294 460
294 462
294 464
294 469
294 470
294 471
294 472
294 473
295 140
295 141
295 142
295 143
295 144
295 145
295 146
295 147
295 148
295 149
295 150
295 151
295 152
295 163
295 164
295 168
295 169
295 170
295 171
295 172
295 173
295 176
295 177
295 178
295 186
295 187
295 188
295 189
295 197
295 199
295 200
295 203
295 225
295 227
295 234
295 235
295 248
295 250
295 258
295 263
295 264
295 265
295 266
295 269
295 270
295 297
295 322
295 328
295 329
295 330
295 331
295 377
295 379
295 380
295 381
295 382
295 383
295 384
295 458
295 462
295 464
295 465
295 469
295 472
295 473
295 474
295 475
296 123
296 136
296 142
296 146
296 148
296 149
296 152
296 163
296 164
296 165
296 168
296 170
296 172
296 177
296 186
296 187
296 195
296 196
296 197
296 203
296 204
296 213
296 214
296 215
296 216
296 217
296 218
296 224
296 225
296 227
296 235
296 236
296 250
296 258
296 259
296 266
296 322
296 323
296 328
296 329
296 331
296 332
296 333
296 376
296 377
296 379
296 380
296 382
296 458
296 459
296 462
296 465
296 473
296 474
296 475
297 117
297 123
297 124
297 125
297 126
297 127
297 131
297 132
297 133
297 136
297 137
297 138
297 139
297 140
297 141
297 142
297 160
297 161
297 163
297 165
297 166
297 167
297 168
297 169
297 170
297 172
297 177
297 183
297 184
297 185
297 186
297 187
297 197
297 202
297 203
297 213
297 218
297 219
297 220
297 221
297 225
297 226
297 227
297 235
297 248
297 249
297 250
297 251
297 258
297 259
297 260
297 261
297 266
297 327
297 328
297 331
297 333
297 334
297 377
297 457
297 458
297 465
297 466
297 472
297 473
297 475
297 476
298 115
298 117
298 127
298 133
298 135
298 136
298 138
298 142
298 143
298 159
298 160
298 161
298 162
298 163
298 168
298 169
298 176
298 177
298 187
298 188
298 197
298 198
298 202
298 217
298 218
298 221
298 222
298 223
298 224
298 225
298 226
298 233
298 234
298 235
298 247
298 248
298 249
298 251
298 252
298 253
298 259
298 327
298 328
298 331
298 334
298 455
298 456
298 457
298 458
298 466
298 473
298 476
298 477
298 478
298 479
298 480
298 481
299 114
299 115
299 116
299 117
299 118
299 126
299 127
299 129
299 130
299 131
299 133
299 134
299 135
299 136
299 138
299 161
299 163
299 164
299 168
299 176
299 187
299 188
299 197
299 198
299 199
299 202
299 221
299 224
299 226
299 235
299 236
299 237
299 238
299 249
299 253
299 258
299 259
299 456
299 458
299 459
299 473
300 114
300 117
300 118
300 119
300 123
300 126
300 127
300 128
300 129
300 130
300 131
300 132
300 133
300 134
300 136
300 160
300 161
300 163
300 167
300 168
300 175
300 176
300 177
300 187
300 197
300 221
300 222
300 226
300 234
300 235
300 237
300 249
300 259
300 260
300 456
300 458
300 459
300 460
300 473
301 116
301 117
301 119
301 120
301 121
301 122
301 123
301 128
301 130
301 162
301 163
301 164
301 168
301 175
301 177
301 185
301 186
301 187
301 197
301 229
301 233
301 234
301 236
301 237
301 238
301 239
301 259
301 260
301 261
301 262
301 263
301 264
301 265
301 266
301 267
301 456
302 117
302 123
302 124
302 125
302 126
302 127
302 128
302 129
302 130
302 164
302 167
302 168
302 175
302 177
302 186
302 227
302 228
302 229
302 230
302 231
302 232
302 233
302 234
302 235
302 238
302 239
302 240
302 241
302 242
302 243
302 258
302 259
302 260
303 122
303 124
303 126
303 129
303 130
303 164
303 167
303 168
303 186
303 229
303 230
303 234
303 238
303 243
303 260
304 114
304 121
304 122
304 123
304 124
304 126
304 161
304 162
304 163
304 164
304 168
304 169
304 170
304 171
304 224
304 225
304 226
304 227
304 228
304 229
304 234
304 238
304 239
304 260
305 114
305 115
305 116
305 117
305 118
305 120
305 121
305 125
305 126
305 160
305 161
305 162
305 163
305 164
305 168
305 234
305 260
306 113
306 114
306 115
306 118
306 119
306 120
306 125
306 157
306 158
306 159
306 160
306 168
306 218
306 232
306 233
306 234
306 235
307 110
307 111
307 117
307 118
307 119
307 123
307 124
307 125
307 147
307 148
307 150
307 152
307 154
307 155
307 156
307 157
307 160
307 168
307 218
307 219
307 220
307 221
307 235
308 110
308 111
308 112
308 116
308 117
308 118
308 121
308 122
308 123
308 124
308 125
308 143
308 144
308 145
308 147
308 148
308 149
308 150
308 151
308 152
308 153
308 154
308 156
308 160
308 167
308 168
308 169
308 170
308 221
308 222
308 223
308 224
308 226
308 229
308 230
308 231
308 235
308 237
309 112
309 113
309 114
309 115
309 116
309 117
309 124
309 143
309 144
309 145
309 146
309 147
309 148
309 149
309 151
309 154
309 156
309 167
309 168
309 223
309 224
309 225
309 226
309 227
309 228
309 229
309 231
309 232
309 233
309 234
309 235
309 236
309 237
310 112
310 114
310 115
310 117
310 118
310 123
310 124
310 142
310 144
310 145
310 147
310 149
310 151
310 152
310 155
310 156
310 157
310 165
310 166
310 167
310 168
310 169
310 224
310 226
310 229
310 232
310 235
310 237
310 238
311 114
311 115
311 117
311 124
311 125
311 142
311 143
311 144
311 152
311 157
311 165
311 166
311 168
311 224
311 226
311 232
311 235
311 237
312 112
312 113
312 114
312 115
312 123
312 124
312 144
312 152
312 156
312 157
312 164
312 165
312 168
312 226
312 232
312 235
312 237
312 243
312 245
312 246
313 112
313 115
313 123
313 124
313 125
313 126
313 143
313 144
313 145
313 152
313 156
313 157
313 158
313 226
313 232
313 236
313 237
313 238
313 239
313 240
313 241
313 242
313 243
313 244
313 245
313 246
313 247
314 123
314 144
314 152
314 156
314 158
314 215
314 224
314 225
314 226
314 227
314 231
314 232
314 236
314 240
314 246
314 247
315 123
315 141
315 143
315 144
315 156
315 158
315 212
315 213
315 215
315 216
315 222
315 223
315 225
315 230
315 231
315 232
315 235
315 236
315 240
315 246
316 123
316 140
316 141
316 142
316 143
316 144
316 145
316 212
316 213
316 216
316 219
316 220
316 221
316 222
316 223
316 224
316 225
316 230
316 232
316 236
316 237
316 239
316 240
316 241
317 123
317 134
317 135
317 136
317 137
317 138
317 139
317 140
317 144
317 212
317 213
317 214
317 215
317 216
317 218
317 219
317 223
317 232
317 233
317 241
317 242
317 243
318 122
318 123
318 137
318 144
318 216
318 219
318 223
318 229
318 230
318 231
318 232
318 241
318 242
319 121
319 122
319 135
319 136
319 137
319 144
319 216
319 217
319 218
319 219
319 231
319 241
319 242
319 243
319 244
320 122
320 123
320 131
320 132
320 133
320 135
320 137
320 143
320 144
320 145
320 146
320 216
320 218
320 228
320 229
320 230
320 231
320 232
320 242
321 131
321 132
321 133
321 134
321 135
321 142
321 143
321 216
321 231
321 242
321 272
322 131
322 135
322 142
322 143
322 216
322 226
322 227
322 228
322 229
322 230
322 231
322 232
322 233
322 234
322 242
322 272
322 273
322 277
322 278
323 134
323 135
323 143
323 144
323 216
323 217
323 229
323 232
323 241
323 242
323 243
323 272
323 274
323 277
324 135
324 214
324 215
324 216
324 229
324 232
324 233
324 234
324 243
324 244
324 249
324 256
324 272
324 273
324 274
324 276
324 277
325 135
325 203
325 204
325 216
325 228
325 229
325 231
325 232
325 234
325 244
325 245
325 249
325 256
325 257
325 271
325 273
325 276
326 133
326 134
326 135
326 204
326 205
326 206
326 207
326 208
326 209
326 212
326 215
326 216
326 228
326 229
326 231
326 232
326 234
326 235
326 244
326 245
326 246
326 247
326 248
326 249
326 250
326 256
326 269
326 270
326 271
326 272
326 273
326 274
326 275
326 276
327 133
327 135
327 136
327 208
327 209
327 210
327 211
327 212
327 213
327 214
327 215
327 216
327 226
327 227
327 228
327 231
327 233
327 234
327 243
327 244
327 246
327 249
327 250
327 253
327 255
327 256
327 269
327 270
327 274
327 276
327 277
327 278
328 133
328 191
328 192
328 193
328 214
328 216
328 217
328 228
328 230
328 231
328 240
328 241
328 242
328 243
328 246
328 247
328 250
328 251
328 252
328 253
328 254
328 255
328 258
328 260
328 261
328 265
328 269
328 270
328 276
328 277
329 133
329 192
329 193
329 194
329 195
329 214
329 217
329 218
329 227
329 228
329 231
329 242
329 247
329 248
329 253
329 254
329 255
329 256
329 257
329 258
329 259
329 260
329 265
329 267
329 268
329 269
329 270
329 271
329 277
330 192
330 193
330 194
330 195
330 196
330 197
330 200
330 201
330 211
330 212
330 213
330 214
330 217
330 218
330 225
330 226
330 227
330 228
330 230
330 231
330 242
330 246
330 247
330 255
330 258
330 259
330 260
330 261
330 262
330 263
330 264
330 265
330 266
330 267
330 268
330 276
330 277
330 278
330 279
330 280
330 281
330 282
331 192
331 194
331 197
331 198
331 199
331 200
331 206
331 207
331 208
331 209
331 210
331 211
331 213
331 214
331 217
331 218
331 228
331 230
331 231
331 232
331 233
331 246
331 255
331 260
331 261
331 264
331 268
331 269
331 277
331 279
331 280
332 194
332 200
332 201
332 202
332 203
332 204
332 205
332 206
332 211
332 231
332 246
332 255
332 256
332 263
332 264
332 265
332 280
333 186
333 198
333 199
333 200
333 202
333 203
333 204
333 205
333 208
333 209
333 210
333 211
333 230
333 231
333 241
333 242
333 243
333 244
333 245
333 246
333 253
333 254
333 255
333 265
334 186
334 187
334 199
334 202
334 204
334 209
334 211
334 239
334 240
334 241
334 246
334 247
334 248
334 254
334 255
334 256
334 257
334 265
334 266
334 267
334 268
334 269
334 270
335 186
335 187
335 202
335 204
335 209
335 211
335 239
335 240
335 241
335 242
335 246
335 247
335 254
335 265
336 186
336 187
336 188
336 189
336 190
336 191
336 202
336 210
336 211
336 212
336 241
336 254
336 264
336 265
336 266
336 267
336 268
336 269
337 185
337 186
337 191
337 192
337 193
337 200
337 201
337 202
337 212
337 239
337 240
337 241
337 252
337 253
337 254
337 255
337 256
337 264
337 266
337 269
337 297
338 185
338 192
338 193
338 196
338 197
338 202
338 210
338 211
338 212
338 213
338 233
338 241
338 242
338 243
338 244
338 255
338 266
338 268
338 269
338 296
338 297
339 191
339 192
339 193
339 194
339 197
339 198
339 199
339 200
339 201
339 202
339 203
339 211
339 212
339 213
339 214
339 229
339 233
339 234
339 238
339 241
339 242
339 243
339 255
339 256
339 266
339 267
339 268
339 269
339 297
340 191
340 192
340 194
340 195
340 196
340 197
340 202
340 211
340 214
340 229
340 230
340 231
340 232
340 233
340 234
340 235
340 236
340 237
340 238
340 239
340 240
340 241
340 242
340 243
340 247
340 255
340 266
340 297
341 194
341 195
341 196
341 197
341 198
341 199
341 202
341 203
341 229
341 230
341 235
341 236
341 237
341 239
341 242
341 243
341 244
341 245
341 246
341 247
341 255
341 265
341 266
341 267
341 268
341 271
341 277
341 296
341 297
341 299
341 300
342 177
342 194
342 196
342 198
342 201
342 202
342 203
342 229
342 234
342 235
342 236
342 237
342 239
342 242
342 244
342 247
342 254
342 255
342 265
342 268
342 269
342 271
342 277
342 297
342 299
342 300
342 301
343 177
343 178
343 179
343 193
343 194
343 202
343 203
343 204
343 227
343 228
343 229
343 237
343 239
343 242
343 243
343 244
343 247
343 255
343 264
343 265
343 269
343 270
343 271
343 273
343 275
343 276
343 277
343 285
343 286
343 297
343 299
344 179
344 194
344 202
344 204
344 236
344 237
344 238
344 239
344 243
344 247
344 248
344 249
344 253
344 254
344 255
344 256
344 263
344 264
344 265
344 269
344 271
344 272
344 273
344 274
344 275
344 276
344 277
344 278
344 279
344 286
344 291
344 297
344 298
344 299
344 300
344 316
345 179
345 180
345 182
345 184
345 192
345 194
345 202
345 204
345 236
345 239
345 246
345 247
345 255
345 264
345 265
345 269
345 272
345 274
345 279
345 280
345 286
345 290
345 291
345 297
345 316
345 320
346 179
346 180
346 181
346 182
346 183
346 184
346 185
346 189
346 192
346 193
346 194
346 195
346 236
346 238
346 239
346 246
346 247
346 255
346 262
346 263
346 264
346 268
346 269
346 270
346 271
346 274
346 275
346 286
346 287
346 291
346 292
346 297
346 313
346 314
346 315
346 316
346 320
346 321
346 325
346 326
346 327
346 328
347 173
347 175
347 185
347 187
347 188
347 189
347 190
347 191
347 192
347 193
347 195
347 230
347 231
347 232
347 233
347 234
347 235
347 236
347 239
347 240
347 247
347 262
347 268
347 271
347 275
347 282
347 286
347 290
347 291
347 292
347 293
347 294
347 295
347 296
347 297
347 314
347 315
347 316
347 317
347 318
347 319
347 320
347 327
347 328
348 172
348 173
348 174
348 175
348 183
348 184
348 185
348 186
348 187
348 189
348 192
348 195
348 196
348 197
348 227
348 228
348 229
348 230
348 234
348 239
348 268
348 271
348 278
348 279
348 280
348 281
348 282
348 283
348 284
348 285
348 286
348 287
348 288
348 289
348 290
348 294
348 314
348 320
348 322
348 323
348 324
348 325
348 326
348 327
349 173
349 174
349 175
349 177
349 179
349 180
349 181
349 182
349 183
349 184
349 185
349 189
349 192
349 196
349 197
349 198
349 227
349 230
349 233
349 234
349 235
349 239
349 268
349 271
349 272
349 273
349 274
349 275
349 276
349 277
349 278
349 282
349 286
349 290
349 294
349 299
349 300
349 301
349 303
349 304
349 313
349 314
349 320
349 321
349 322
349 327
350 167
350 175
350 176
350 177
350 178
350 179
350 183
350 190
350 191
350 192
350 193
350 197
350 220
350 221
350 222
350 223
350 224
350 225
350 226
350 227
350 234
350 239
350 240
350 241
350 265
350 267
350 268
350 271
350 274
350 278
350 279
350 286
350 294
350 295
350 296
350 297
350 298
350 299
350 300
350 302
350 303
350 304
350 305
350 306
350 307
350 308
350 309
350 310
350 311
350 312
350 313
350 314
350 320
350 321
350 327
350 328
350 329
351 142
351 154
351 167
351 168
351 169
351 170
351 171
351 172
351 174
351 175
351 177
351 183
351 187
351 188
351 189
351 190
351 196
351 197
351 220
351 221
351 223
351 227
351 233
351 234
351 239
351 265
351 266
351 267
351 279
351 286
351 294
351 295
351 296
351 297
351 302
351 321
351 322
351 329
351 330
351 331
351 335
352 136
352 137
352 138
352 139
352 140
352 141
352 142
352 143
352 154
352 170
352 172
352 174
352 175
352 177
352 185
352 186
352 187
352 190
352 197
352 198
352 199
352 200
352 201
352 202
352 217
352 218
352 221
352 223
352 227
352 233
352 239
352 267
352 279
352 280
352 281
352 294
352 295
352 297
352 298
352 299
352 300
352 301
352 302
352 303
352 329
352 331
352 332
352 333
352 334
352 335
353 137
353 142
353 143
353 150
353 154
353 171
353 172
353 173
353 174
353 177
353 187
353 190
353 191
353 197
353 198
353 201
353 218
353 219
353 220
353 221
353 223
353 227
353 232
353 233
353 238
353 239
353 240
353 241
353 267
353 280
353 294
353 295
353 298
353 300
353 301
353 303
353 304
353 305
353 306
353 307
353 331
353 334
353 335
354 136
354 137
354 143
354 144
354 145
354 146
354 150
354 154
354 161
354 163
354 171
354 172
354 185
354 186
354 187
354 190
354 191
354 198
354 227
354 228
354 229
354 240
354 266
354 267
354 280
354 281
354 294
354 298
354 304
354 305
354 331
354 334
355 146
355 148
355 150
355 151
355 152
355 154
355 161
355 162
355 163
355 171
355 187
355 191
355 227
355 239
355 240
355 241
355 264
355 265
355 266
355 267
355 268
355 270
355 281
355 282
355 283
355 284
355 294
355 297
355 298
355 299
355 304
355 305
355 306
355 307
355 308
355 309
356 145
356 146
356 147
356 148
356 149
356 150
356 151
356 152
356 153
356 154
356 155
356 162
356 168
356 169
356 170
356 171
356 186
356 187
356 188
356 226
356 227
356 239
356 240
356 263
356 264
356 266
356 268
356 269
356 270
356 271
356 281
356 283
356 284
356 294
356 298
356 299
356 307
356 309
356 312
357 142
357 143
357 145
357 153
357 154
357 159
357 162
357 166
357 167
357 168
357 170
357 171
357 187
357 188
357 189
357 226
357 240
357 241
357 262
357 263
357 268
357 269
357 270
357 283
357 284
357 285
357 286
357 287
357 288
357 294
357 298
357 299
357 300
357 307
357 308
357 309
357 310
357 311
357 312
357 313
358 139
358 140
358 141
358 142
358 143
358 144
358 145
358 154
358 155
358 156
358 157
358 158
358 159
358 160
358 161
358 162
358 163
358 164
358 170
358 180
358 181
358 182
358 183
358 184
358 185
358 186
358 187
358 189
358 190
358 238
358 239
358 240
358 241
358 267
358 268
358 270
358 271
358 272
358 283
358 287
358 294
358 298
358 300
358 308
358 312
358 313
358 314
358 315
359 144
359 154
359 157
359 164
359 165
359 166
359 167
359 168
359 169
359 170
359 171
359 182
359 186
359 187
359 238
359 240
359 267
359 268
359 270
359 281
359 282
359 283
359 284
359 287
359 288
359 289
359 298
359 312
359 315
360 143
360 144
360 157
360 158
360 167
360 170
360 181
360 182
360 187
360 238
360 239
360 240
360 242
360 269
360 270
360 271
360 284
360 287
360 289
360 298
360 300
360 312
360 315
361 158
361 170
361 171
361 181
361 187
361 240
361 241
361 242
361 269
361 271
361 272
361 273
361 284
361 289
361 296
361 297
361 298
361 299
361 300
362 185
362 186
362 187
362 188
362 239
362 240
362 242
362 268
362 269
362 272
362 284
362 288
362 289
362 290
362 291
362 295
362 296
362 298
362 300
363 185
363 188
363 189
363 240
363 242
363 267
363 268
363 269
363 270
363 272
363 273
363 274
363 284
363 288
363 296
363 298
363 299
363 300
363 304
363 305
363 306
364 182
364 183
364 184
364 185
364 188
364 189
364 190
364 191
364 239
364 240
364 242
364 243
364 244
364 245
364 246
364 270
364 284
364 288
364 299
364 300
364 303
364 304
365 187
365 188
365 242
365 245
365 246
365 247
365 248
365 269
365 270
365 298
365 299
365 300
365 301
365 302
365 303
366 187
366 188
366 239
366 240
366 241
366 242
366 245
366 267
366 268
366 269
366 298
366 300
366 302
366 305
366 306
366 307
366 308
367 187
367 188
367 241
367 242
367 245
367 269
367 270
367 271
367 272
367 298
367 302
367 303
367 304
367 305
368 175
368 184
368 186
368 187
368 188
368 242
368 243
368 269
368 298
368 303
368 305
368 306
368 307
368 308
368 315
369 174
369 175
369 176
369 184
369 185
369 186
369 187
369 238
369 239
369 240
369 241
369 242
369 243
369 268
369 269
369 303
369 305
369 306
369 315
369 319
369 320
369 321
370 176
370 177
370 178
370 179
370 180
370 181
370 182
370 183
370 184
370 186
370 187
370 238
370 239
370 241
370 242
370 243
370 269
370 273
370 302
370 303
370 305
370 306
370 315
370 319
370 320
371 149
371 151
371 152
371 177
371 179
371 182
371 186
371 187
371 188
371 189
371 190
371 237
371 239
371 241
371 242
371 243
371 244
371 245
371 269
371 270
371 271
371 272
371 273
371 274
371 275
371 276
371 277
371 278
371 279
371 300
371 301
371 302
371 303
371 306
371 307
371 308
371 309
371 310
371 311
371 312
371 313
371 315
371 318
371 319
372 139
372 142
372 143
372 149
372 150
372 151
372 152
372 160
372 177
372 179
372 182
372 186
372 187
372 236
372 237
372 238
372 239
372 241
372 244
372 246
372 268
372 269
372 270
372 273
372 276
372 300
372 301
372 306
372 312
372 315
372 316
372 317
372 318
372 319
372 322
372 323
373 138
373 139
373 140
373 141
373 142
373 143
373 151
373 152
373 153
373 154
373 155
373 156
373 157
373 158
373 159
373 160
373 161
373 162
373 167
373 168
373 175
373 176
373 177
373 179
373 186
373 187
373 238
373 244
373 245
373 246
373 266
373 267
373 268
373 269
373 270
373 273
373 305
373 306
373 307
373 308
373 309
373 312
373 313
373 314
373 315
373 316
373 317
373 319
373 320
373 322
374 138
374 143
374 144
374 145
374 146
374 147
374 148
374 149
374 150
374 151
374 152
374 153
374 155
374 158
374 161
374 162
374 163
374 164
374 167
374 169
374 173
374 174
374 175
374 177
374 187
374 188
374 189
374 190
374 191
374 238
374 242
374 243
374 244
374 245
374 246
374 247
374 267
374 268
374 272
374 273
374 274
374 276
374 302
374 303
374 304
374 305
374 309
374 312
374 314
374 320
374 321
374 322
375 140
375 141
375 142
375 143
375 147
375 151
375 155
375 158
375 161
375 164
375 165
375 166
375 167
375 168
375 169
375 170
375 171
375 172
375 173
375 174
375 177
375 178
375 187
375 191
375 192
375 193
375 242
375 244
375 247
375 248
375 267
375 268
375 274
375 275
375 276
375 277
375 301
375 302
375 305
375 309
375 310
375 314
375 315
375 316
375 320
375 321
376 141
376 142
376 143
376 151
376 164
376 165
376 169
376 170
376 171
376 174
376 178
376 187
376 191
376 193
376 194
376 195
376 196
376 197
376 242
376 247
376 248
376 268
376 269
376 270
376 274
376 301
376 309
376 310
376 316
376 317
376 321
377 141
377 143
377 144
377 151
377 169
377 174
377 187
377 191
377 195
377 239
377 240
377 241
377 242
377 243
377 247
377 252
377 253
377 254
377 255
377 269
377 274
377 275
377 308
377 309
377 316
377 320
377 321
377 322
378 141
378 143
378 150
378 151
378 168
378 169
378 173
378 174
378 186
378 187
378 191
378 192
378 229
378 230
378 232
378 238
378 239
378 240
378 245
378 246
378 247
378 248
378 249
378 250
378 252
378 254
378 269
378 274
378 309
378 315
378 316
378 317
378 321
379 143
379 149
379 150
379 162
379 163
379 164
379 165
379 166
379 167
379 168
379 172
379 173
379 174
379 175
379 176
379 185
379 186
379 230
379 232
379 235
379 236
379 237
379 238
379 240
379 241
379 242
379 245
379 246
379 247
379 250
379 251
379 252
379 309
379 317
379 318
380 143
380 144
380 145
380 150
380 164
380 165
380 166
380 167
380 172
380 186
380 228
380 229
380 230
380 231
380 232
380 233
380 234
380 235
380 240
380 245
380 250
380 252
380 253
380 254
380 255
380 318
381 143
381 155
381 156
381 157
381 158
381 159
381 160
381 161
381 162
381 163
381 164
381 165
381 166
381 172
381 183
381 184
381 185
381 186
381 187
381 229
381 230
381 231
381 232
381 235
381 236
381 244
381 245
381 246
381 252
381 253
381 254
381 316
381 317
381 318
381 319
381 320
382 156
382 164
382 166
382 172
382 186
382 187
382 188
382 190
382 191
382 228
382 229
382 230
382 235
382 245
382 251
382 252
382 318
383 156
383 159
383 160
383 161
383 162
383 163
383 164
383 166
383 172
383 182
383 185
383 187
383 188
383 189
383 190
383 226
383 227
383 228
383 230
383 245
383 249
383 250
383 251
383 252
383 318
384 156
384 162
384 164
384 166
384 180
384 181
384 182
384 185
384 186
384 187
384 188
384 190
384 227
384 230
384 245
384 250
384 252
384 253
384 254
384 255
384 318
385 156
385 164
385 166
385 180
385 182
385 183
385 184
385 185
385 186
385 187
385 245
385 250
385 253
386 163
386 164
386 166
386 183
386 187
386 242
386 243
386 244
386 245
386 252
386 253
386 254
386 255
387 164
387 166
387 187
387 188
387 189
387 190
387 191
387 192
387 242
387 245
387 246
387 252
387 254
388 166
388 186
388 187
388 189
388 241
388 242
388 245
388 246
388 252
388 254
389 166
389 187
389 237
389 238
389 239
389 240
389 241
389 242
389 245
389 246
389 247
389 252
390 164
390 165
390 166
390 187
390 188
390 189
390 190
390 192
390 193
390 194
390 236
390 237
390 239
390 241
390 247
390 248
390 252
390 253
390 255
391 165
391 182
391 183
391 184
391 185
391 186
391 187
391 190
391 191
391 192
391 233
391 234
391 235
391 236
391 239
391 246
391 247
391 251
391 252
391 253
391 255
392 178
392 185
392 187
392 190
392 233
392 236
392 250
392 251
392 253
392 254
392 255
392 256
392 257
393 178
393 179
393 180
393 182
393 185
393 190
393 191
393 235
393 236
393 237
393 255
393 259
394 177
394 179
394 182
394 183
394 184
394 185
394 186
394 189
394 190
394 191
394 192
394 235
394 237
394 255
394 256
394 257
394 258
394 259
395 177
395 178
395 179
395 180
395 181
395 182
395 184
395 191
395 237
395 255
396 176
396 177
396 178
396 181
396 182
396 184
396 185
396 191
396 193
396 252
396 254
396 255
397 169
397 177
397 181
397 184
397 185
397 186
397 187
397 188
397 191
397 192
397 193
397 195
397 252
397 255
397 256
397 257
397 268
398 169
398 171
398 173
398 174
398 175
398 176
398 177
398 181
398 184
398 191
398 193
398 194
398 195
398 196
398 252
398 255
398 256
398 257
398 268
399 167
399 168
399 169
399 170
399 171
399 176
399 184
399 252
399 253
399 254
399 255
399 257
399 268
400 171
400 172
400 176
400 184
400 252
400 253
400 254
400 255
400 256
400 268
400 270
401 171
401 172
401 173
401 174
401 175
401 176
401 182
401 183
401 184
401 185
401 186
401 187
401 252
401 253
401 256
401 266
401 267
401 268
401 269
401 270
402 170
402 171
402 175
402 184
402 187
402 188
402 189
402 256
402 261
402 266
402 269
402 270
402 271
403 168
403 169
403 170
403 175
403 184
403 187
403 188
403 256
403 257
403 258
403 259
403 260
403 261
403 262
403 263
403 264
403 265
403 266
404 174
404 175
404 184
404 187
404 254
404 256
404 260
404 261
404 262
404 263
404 264
405 172
405 173
405 174
405 184
405 187
405 188
405 189
405 190
405 254
405 255
405 256
405 264
405 289
406 174
406 184
406 189
406 190
406 191
406 192
406 252
406 253
406 254
406 255
406 256
406 264
406 282
406 288
406 289
407 174
407 181
407 182
407 183
407 184
407 189
407 191
407 256
407 257
407 258
407 259
407 264
407 265
407 282
407 288
407 289
407 290
408 174
408 183
408 184
408 189
408 256
408 258
408 263
408 264
408 265
408 280
408 281
408 282
408 285
408 286
408 287
408 288
408 289
409 173
409 174
409 182
409 183
409 255
409 256
409 257
409 265
409 277
409 281
409 283
409 284
409 285
409 286
409 287
410 171
410 172
410 173
410 182
410 183
410 254
410 255
410 257
410 258
410 265
410 270
410 271
410 272
410 273
410 274
410 275
410 276
410 277
410 281
410 282
410 283
410 287
411 173
411 180
411 181
411 182
411 183
411 246
411 248
411 251
411 254
411 255
411 256
411 258
411 259
411 260
411 265
411 266
411 267
411 268
411 270
411 276
411 277
411 278
411 279
411 280
411 281
411 283
411 284
411 285
411 287
412 182
412 246
412 247
412 248
412 249
412 251
412 255
412 258
412 259
412 260
412 265
412 268
412 269
412 270
412 271
412 272
412 276
412 277
412 279
412 280
412 283
412 284
412 287
412 288
413 180
413 181
413 182
413 183
413 184
413 189
413 244
413 245
413 249
413 250
413 251
413 252
413 253
413 254
413 255
413 256
413 257
413 264
413 265
413 267
413 268
413 269
413 270
413 271
413 280
413 281
413 282
414 179
414 180
414 183
414 184
414 185
414 186
414 187
414 188
414 189
414 245
414 246
414 247
414 248
414 249
414 250
414 252
414 256
414 257
414 269
414 271
414 272
414 273
414 280
414 281
415 177
415 178
415 179
415 180
415 183
415 186
415 243
415 244
415 245
415 247
415 250
415 257
415 269
415 273
415 274
415 281
416 170
416 180
416 183
416 186
416 243
416 247
416 249
416 250
416 257
416 258
416 268
416 269
416 270
416 271
416 274
416 275
416 276
416 281
416 284
416 285
416 286
416 287
417 170
417 172
417 177
417 178
417 179
417 180
417 183
417 186
417 187
417 191
417 194
417 195
417 243
417 246
417 247
417 250
417 257
417 258
417 259
417 267
417 268
417 271
417 281
417 282
417 283
417 284
418 170
418 171
418 172
418 175
418 176
418 177
418 180
418 183
418 187
418 188
418 189
418 190
418 191
418 193
418 194
418 243
418 244
418 245
418 246
418 247
418 248
418 254
418 255
418 256
418 257
418 268
418 271
418 281
418 284
419 172
419 173
419 174
419 175
419 183
419 187
419 191
419 192
419 193
419 194
419 195
419 243
419 247
419 256
419 268
419 271
419 281
419 282
419 283
419 284
420 173
420 175
420 181
420 182
420 183
420 187
420 191
420 198
420 199
420 242
420 243
420 244
420 246
420 247
420 255
420 256
420 257
420 258
420 268
420 271
420 282
420 285
420 286
420 287
420 288
421 168
421 169
421 170
421 171
421 172
421 173
421 183
421 186
421 187
421 188
421 190
421 191
421 192
421 193
421 194
421 195
421 196
421 197
421 198
421 243
421 247
421 255
421 257
421 268
421 269
421 271
421 282
421 283
421 284
421 285
421 288
422 172
422 183
422 190
422 193
422 194
422 243
422 246
422 247
422 248
422 255
422 257
422 258
422 259
422 260
422 267
422 268
422 269
422 270
422 281
422 282
422 283
423 183
423 190
423 194
423 195
423 243
423 245
423 246
423 248
423 249
423 255
423 258
423 267
423 281
423 283
424 181
424 182
424 183
424 184
424 190
424 191
424 195
424 240
424 246
424 255
424 258
424 259
424 260
424 261
424 262
424 267
424 283
424 284
424 285
425 183
425 191
425 240
425 246
425 254
425 255
425 258
425 260
425 267
425 283
426 176
426 178
426 179
426 180
426 181
426 182
426 183
426 184
426 185
426 240
426 241
426 242
426 243
426 244
426 245
426 246
426 247
426 248
426 255
426 260
426 266
426 267
426 283
427 176
427 177
427 178
427 183
427 241
427 243
427 246
427 260
427 267
427 269
427 283
428 178
428 183
428 185
428 186
428 241
428 243
428 246
428 247
428 267
428 268
428 269
428 270
428 283
428 284
428 285
428 286
428 287
428 288
428 289
428 290
429 182
429 183
429 184
429 185
429 242
429 243
429 246
429 247
429 248
429 249
429 250
429 267
429 269
429 270
429 271
429 283
429 284
429 286
429 288
429 290
430 184
430 241
430 242
430 243
430 246
430 267
430 268
430 269
430 281
430 282
430 283
430 288
430 290
431 183
431 184
431 185
431 186
431 241
431 246
431 268
431 281
431 283
431 284
431 290
432 184
432 186
432 246
432 247
432 248
432 249
432 250
432 268
432 284
432 285
432 286
433 183
433 184
433 246
433 247
433 268
433 269
433 284
433 285
434 177
434 178
434 179
434 180
434 181
434 182
434 183
434 184
434 185
434 186
434 187
434 188
434 245
434 246
434 247
434 268
434 269
434 285
434 286
435 177
435 182
435 183
435 186
435 247
435 269
435 270
435 286
436 183
436 186
436 242
436 247
436 268
436 269
436 270
436 286
437 183
437 184
437 239
437 242
437 244
437 245
437 246
437 247
437 268
437 269
438 181
438 182
438 183
438 184
438 185
438 238
438 239
438 240
438 241
438 242
438 243
438 244
438 247
438 248
438 249
438 269
438 270
439 181
439 185
439 186
439 187
439 188
439 189
439 242
439 246
439 247
439 248
439 270
440 177
440 178
440 179
440 180
440 181
440 182
440 187
440 188
440 241
440 242
440 245
440 246
440 248
440 249
440 250
441 181
441 188
441 242
441 243
441 248
442 181
442 240
442 241
442 242
442 248
443 180
443 181
443 241
443 247
443 248
443 249
443 250
443 254
444 179
444 180
444 181
444 233
444 238
444 239
444 241
444 242
444 248
444 250
444 252
444 253
444 254
444 255
445 180
445 233
445 234
445 235
445 236
445 237
445 239
445 240
445 241
445 242
445 243
445 250
445 251
445 252
445 254
446 180
446 233
446 237
446 238
446 239
446 243
446 244
446 250
446 252
446 253
446 254
447 239
447 243
447 252
447 257
448 235
448 236
448 237
448 238
448 239
448 240
448 250
448 251
448 252
448 253
448 254
448 255
448 256
448 257
449 235
449 237
449 239
449 240
449 241
449 254
449 255
449 256
450 237
450 240
450 254
451 237
451 240
451 254
452 240
452 252
452 253
452 254
452 255
452 256
453 239
453 240
453 241
453 242
453 253
453 255
454 238
454 239
454 241
454 250
454 251
454 252
454 253
454 255
454 256
454 257
455 239
455 252
455 255
455 256
455 257
455 258
456 252
456 255
456 256
456 258
456 259
456 260
456 261
457 249
457 250
457 251
457 252
457 255
457 260
458 252
458 255
458 259
458 260
459 252
459 255
459 256
459 259
460 256
460 259
461 256
