0.000000 0.000000
1.609438 2.397895
2.197225 3.496508
2.564949 4.025352
2.833213 4.532599
3.044522 4.919981
3.218876 5.214936
3.367296 5.525453
3.496508 5.758902
3.610918 5.996452
3.713572 6.150603
3.806662 6.329721
3.891820 6.484635
3.970292 6.572283
4.043051 6.635947
4.110874 6.746412
4.174387 6.835185
4.234107 6.917706
4.290459 7.007601
4.343805 7.106606
4.394449 7.189922
4.442651 7.264030
4.488636 7.329750
4.532599 7.402452
4.574711 7.460490
4.615121 7.506592
4.653960 7.569928
4.691348 7.633854
4.727388 7.692113
4.762174 7.745868
4.795791 7.812783
4.828314 7.855157
4.859812 7.899153
4.890349 7.950502
4.919981 8.011023
4.948760 8.069655
4.976734 8.127995
5.003946 8.185350
5.030438 8.231376
5.056246 8.274867
5.081404 8.320448
5.105945 8.370548
5.129899 8.424200
5.153292 8.471149
5.176150 8.524764
5.198497 8.570165
5.220356 8.610501
5.241747 8.649799
5.262690 8.685078
5.283204 8.717027
5.303305 8.747352
5.323010 8.778788
5.342334 8.804025
5.361292 8.826441
5.379897 8.854237
5.398163 8.876405
5.416100 8.896999
5.433722 8.917579
5.451038 8.939581
5.468060 8.960853
5.484797 8.982561
5.501258 8.998508
5.517453 9.014325
5.533389 9.029418
5.549076 9.043341
5.564520 9.053336
5.579730 9.064852
5.594711 9.078864
5.609472 9.091219
5.624018 9.104091
5.638355 9.114930
5.652489 9.125000
5.666427 9.132703
5.680173 9.140025
5.693732 9.146335
5.707110 9.150909
5.720312 9.155356
5.733341 9.162095
5.746203 9.170976
5.758902 9.179366
5.771441 9.187788
5.783825 9.195937
5.796058 9.201602
5.808142 9.209140
5.820083 9.215925
5.831882 9.223257
5.843544 9.229260
5.855072 9.235423
5.866468 9.240093
5.877736 9.244452
5.888878 9.247925
5.899897 9.251482
5.910797 9.255505
5.921578 9.257987
5.932245 9.261794
5.942799 9.265397
5.953243 9.267760
5.963579 9.268798
5.973810 9.270306
5.983936 9.271624
5.993961 9.274723
6.003887 9.278560
6.013715 9.282754
6.023448 9.287579
6.033086 9.290260
6.042633 9.292842
6.052089 9.294773
6.061457 9.296518
6.070738 9.297802
6.079933 9.298809
6.089045 9.300455
6.098074 9.301734
6.107023 9.303193
